draw_date;n1;n2;n3;n4;n5;n6;n7;n8;n9;n10;n11;n12;n13;n14;n15
04/04/2018;02;03;04;05;08;09;10;14;15;16;18;20;21;23;25
02/04/2018;02;03;04;05;06;07;08;09;11;13;15;18;22;23;24
31/03/2018;01;02;03;04;05;07;09;10;12;14;16;19;22;23;25
28/03/2018;02;05;06;07;10;11;13;15;17;18;19;20;22;24;25
26/03/2018;03;04;05;08;09;11;12;14;16;17;19;20;21;22;25
23/03/2018;01;02;04;05;06;12;14;15;16;17;20;21;22;24;25
21/03/2018;01;03;05;06;07;08;09;10;11;14;15;19;20;22;25
19/03/2018;01;07;08;10;11;12;14;15;16;19;20;22;23;24;25
16/03/2018;03;04;05;07;08;11;12;13;14;15;17;18;19;22;24
14/03/2018;02;03;06;07;08;09;12;13;14;15;18;19;20;22;25
12/03/2018;01;03;06;07;08;12;15;16;17;19;21;22;23;24;25
09/03/2018;03;04;05;06;07;09;10;13;14;15;19;21;22;24;25
07/03/2018;01;02;03;05;06;07;09;10;17;18;19;20;23;24;25
05/03/2018;04;05;08;12;13;14;15;16;18;20;21;22;23;24;25
02/03/2018;02;03;04;05;09;10;11;12;14;18;19;20;22;23;25
28/02/2018;03;05;07;08;09;10;12;13;14;15;17;20;22;23;25
26/02/2018;01;02;03;05;06;07;09;10;12;14;15;18;22;24;25
23/02/2018;01;03;06;09;11;12;16;17;18;19;20;22;23;24;25
21/02/2018;02;03;04;06;08;09;11;12;13;14;15;17;20;21;24
19/02/2018;01;03;04;07;08;09;10;11;13;15;16;17;20;21;24
16/02/2018;02;03;06;08;10;12;13;16;17;18;19;20;21;22;24
14/02/2018;01;02;06;07;08;09;11;14;15;16;17;18;20;23;24
09/02/2018;01;02;03;04;06;07;08;10;11;13;14;17;19;20;24
07/02/2018;01;02;03;04;08;09;11;16;17;18;20;22;23;24;25
05/02/2018;02;03;04;06;08;09;10;13;14;18;19;21;22;23;24
02/02/2018;01;02;04;07;09;10;11;12;13;14;18;20;21;24;25
31/01/2018;04;05;07;08;10;11;13;15;16;17;18;21;22;24;25
29/01/2018;01;03;04;05;08;09;10;13;14;16;17;19;20;24;25
26/01/2018;02;05;06;07;08;09;10;12;13;14;15;20;22;23;25
24/01/2018;01;02;04;05;08;10;11;13;14;16;17;18;22;23;24
22/01/2018;01;02;04;05;06;07;09;10;11;16;17;19;20;21;25
19/01/2018;01;02;03;07;09;10;12;13;14;15;16;17;19;21;23
17/01/2018;01;02;03;04;06;08;09;10;13;14;16;17;18;19;21
15/01/2018;02;03;04;05;07;11;12;14;15;18;21;22;23;24;25
12/01/2018;01;03;04;06;07;08;09;10;11;12;14;15;20;22;24
10/01/2018;03;06;07;09;10;11;13;14;16;17;19;20;21;22;24
08/01/2018;05;06;07;08;09;11;13;14;17;18;20;21;23;24;25
05/01/2018;01;02;03;05;06;09;10;14;17;18;20;21;22;23;25
03/01/2018;01;02;03;06;07;08;09;11;12;13;14;15;17;18;24
02/01/2018;01;03;05;07;08;09;10;11;14;15;19;20;22;23;25
29/12/2017;02;04;05;08;09;10;11;14;16;17;18;19;21;23;25
27/12/2017;03;04;05;06;07;08;09;10;12;13;15;19;21;22;24
26/12/2017;01;02;03;04;07;09;10;13;14;16;19;20;21;23;24
22/12/2017;01;03;04;08;09;10;11;13;14;15;17;19;21;23;24
20/12/2017;02;04;06;08;09;10;11;12;13;14;15;18;20;22;25
18/12/2017;02;03;04;05;07;09;13;14;16;17;18;20;22;23;24
15/12/2017;01;03;04;05;06;08;09;10;14;18;20;21;22;23;25
13/12/2017;02;05;06;07;10;12;13;15;16;17;18;19;20;21;24
11/12/2017;01;02;05;06;07;08;09;13;17;18;19;20;21;22;24
08/12/2017;05;08;09;10;11;12;13;15;18;19;20;21;22;23;24
06/12/2017;01;02;03;04;06;07;09;10;11;13;17;18;20;22;25
04/12/2017;01;02;04;06;08;10;11;12;13;15;16;17;19;21;25
01/12/2017;03;04;05;07;08;09;10;11;13;14;16;17;20;22;24
29/11/2017;01;02;03;04;05;06;09;12;14;15;16;19;20;22;25
27/11/2017;01;03;05;07;08;10;11;12;17;19;20;21;22;23;24
24/11/2017;01;03;05;07;08;10;14;16;17;18;20;21;22;23;25
22/11/2017;01;02;03;04;06;12;13;14;15;17;18;22;23;24;25
20/11/2017;01;03;04;05;07;09;10;11;14;15;17;20;21;22;23
17/11/2017;02;03;05;07;08;11;14;15;16;17;19;20;21;22;25
16/11/2017;01;03;04;10;11;12;13;16;18;19;20;22;23;24;25
13/11/2017;01;02;04;05;06;07;09;11;17;18;19;21;23;24;25
10/11/2017;01;02;03;05;06;11;12;14;15;16;17;19;20;24;25
08/11/2017;02;03;04;06;07;09;10;14;15;16;17;19;20;23;25
06/11/2017;01;02;05;07;08;10;11;14;16;17;18;19;23;24;25
03/11/2017;03;04;05;06;07;08;11;12;13;16;20;21;23;24;25
01/11/2017;03;04;07;10;11;12;13;14;15;16;18;20;22;23;25
30/10/2017;01;02;04;06;07;10;12;13;14;15;16;18;21;22;23
27/10/2017;04;06;08;09;10;12;13;14;16;17;18;19;21;22;24
25/10/2017;03;05;06;07;09;10;11;13;15;16;17;18;19;21;24
23/10/2017;01;02;05;07;08;09;11;12;14;15;16;18;20;21;25
20/10/2017;01;03;05;06;07;09;10;11;12;14;16;17;22;23;25
18/10/2017;01;02;03;05;06;07;10;11;12;14;15;17;18;21;22
16/10/2017;02;06;07;08;10;11;12;13;14;15;16;17;18;19;23
13/10/2017;02;04;05;06;08;09;10;13;16;18;19;21;22;23;24
11/10/2017;01;03;04;05;06;07;11;12;14;17;18;19;23;24;25
09/10/2017;01;03;07;08;09;11;13;16;18;19;20;21;23;24;25
06/10/2017;02;04;08;09;10;12;13;14;16;18;20;21;23;24;25
04/10/2017;01;02;03;04;06;07;10;11;13;16;17;19;21;22;24
02/10/2017;02;03;05;07;09;10;11;12;14;15;17;18;19;21;24
29/09/2017;01;02;04;05;07;08;09;13;14;15;16;19;23;24;25
27/09/2017;01;03;06;07;08;09;10;11;12;13;15;17;18;24;25
25/09/2017;03;04;06;08;09;11;12;13;16;17;18;19;20;21;24
20/09/2017;01;02;03;04;05;06;07;08;09;11;12;14;16;17;18
18/09/2017;03;05;06;07;08;12;13;15;16;18;20;21;22;24;25
15/09/2017;01;02;03;04;05;07;08;09;11;14;17;18;20;24;25
13/09/2017;03;04;05;06;07;09;10;11;14;16;18;19;20;23;25
11/09/2017;01;02;04;05;06;09;11;14;15;16;17;18;21;22;25
07/09/2017;02;03;04;05;06;09;12;16;17;18;20;21;22;24;25
28/08/2017;01;02;03;05;06;08;12;15;16;17;19;21;22;23;25
25/08/2017;01;02;06;08;09;10;12;13;14;16;18;20;22;23;25
23/08/2017;01;03;04;05;07;08;09;10;13;14;16;18;19;24;25
21/08/2017;01;02;04;08;09;11;12;13;15;17;18;19;21;22;25
18/08/2017;02;03;07;08;09;12;14;15;16;19;20;21;22;24;25
16/08/2017;01;03;05;07;08;11;13;14;15;17;19;20;22;23;25
14/08/2017;03;04;05;07;08;13;14;15;16;17;20;22;23;24;25
11/08/2017;01;02;03;04;05;07;08;10;11;13;18;20;23;24;25
09/08/2017;02;03;04;09;10;11;12;14;15;17;18;20;21;22;23
07/08/2017;01;02;05;06;08;09;10;11;13;15;17;18;19;21;25
04/08/2017;01;03;06;07;08;10;11;14;15;18;19;20;22;24;25
02/08/2017;03;05;07;08;10;11;12;15;16;17;20;22;23;24;25
31/07/2017;01;02;04;07;08;09;11;12;14;16;17;21;22;23;24
28/07/2017;01;02;06;07;08;09;12;13;15;17;19;20;23;24;25
26/07/2017;02;03;05;07;08;10;11;13;15;16;17;20;21;22;24
24/07/2017;02;03;04;05;07;11;13;14;15;18;19;20;21;22;25
21/07/2017;01;02;03;07;09;10;11;12;14;15;16;17;19;22;23
19/07/2017;01;03;04;08;11;12;13;14;16;17;18;19;20;21;25
17/07/2017;02;04;05;07;08;09;10;13;14;15;17;18;19;21;23
14/07/2017;01;02;03;04;10;11;13;14;15;17;18;20;21;22;24
12/07/2017;01;03;05;06;07;08;09;10;11;12;13;19;20;23;25
10/07/2017;03;04;05;07;08;12;13;15;17;18;21;22;23;24;25
07/07/2017;01;04;05;08;09;10;11;12;13;14;16;17;19;21;24
05/07/2017;01;03;04;06;07;11;12;13;14;15;16;19;20;21;24
03/07/2017;01;02;03;08;09;10;11;12;13;14;17;18;20;22;25
30/06/2017;01;02;03;04;07;08;10;11;13;14;15;19;22;23;24
28/06/2017;02;04;05;07;09;10;12;14;15;16;18;20;22;23;24
26/06/2017;02;03;04;05;08;11;13;14;16;17;18;19;20;21;24
23/06/2017;01;02;04;05;06;08;09;10;17;18;20;21;23;24;25
21/06/2017;01;02;03;05;06;07;09;10;14;15;20;21;22;24;25
19/06/2017;05;07;08;09;10;11;13;15;17;18;20;21;22;23;25
16/06/2017;01;02;04;05;08;10;12;14;15;18;19;20;21;22;25
14/06/2017;01;03;05;06;07;08;09;10;13;14;20;22;23;24;25
12/06/2017;03;05;06;07;09;10;12;13;14;16;18;19;21;23;25
09/06/2017;01;08;09;10;11;13;14;15;16;18;19;20;21;23;24
07/06/2017;01;02;03;04;05;07;08;12;14;15;17;19;20;23;24
05/06/2017;01;02;04;08;09;10;12;13;14;16;17;18;19;24;25
02/06/2017;01;04;06;08;13;14;16;17;18;20;21;22;23;24;25
31/05/2017;02;03;04;05;07;08;11;12;14;16;17;20;22;24;25
29/05/2017;02;03;05;08;10;11;12;14;15;18;20;21;23;24;25
26/05/2017;01;02;06;07;10;11;12;14;16;18;19;20;22;23;24
24/05/2017;01;02;03;05;08;09;11;12;13;16;17;18;19;20;23
22/05/2017;03;04;05;07;08;11;12;13;15;16;17;19;20;21;24
19/05/2017;03;04;06;07;09;10;11;12;13;14;16;18;21;22;24
17/05/2017;02;03;04;06;10;11;12;13;15;16;17;19;21;22;24
15/05/2017;02;04;05;08;09;10;11;12;13;15;19;20;21;23;24
12/05/2017;01;03;04;07;08;09;10;11;12;13;15;18;19;22;24
10/05/2017;01;02;03;06;07;08;09;13;14;15;17;18;19;22;24
08/05/2017;01;03;07;08;09;10;11;12;14;17;19;21;22;23;24
05/05/2017;01;02;03;04;05;08;10;11;13;14;17;19;21;23;24
03/05/2017;03;04;05;08;09;10;13;14;17;18;19;20;21;22;24
28/04/2017;01;02;03;06;07;11;14;16;17;18;19;20;22;24;25
26/04/2017;01;04;05;07;08;11;12;14;17;18;19;21;23;24;25
24/04/2017;01;02;03;07;12;15;16;17;18;20;21;22;23;24;25
22/04/2017;01;02;03;04;05;07;11;12;13;15;17;18;20;22;24
19/04/2017;01;06;07;08;09;10;11;13;16;17;18;21;22;24;25
17/04/2017;01;02;03;05;07;10;11;12;13;15;17;18;19;20;22
15/04/2017;01;02;03;04;05;07;08;12;13;14;15;18;19;23;24
12/04/2017;04;05;07;08;10;11;14;15;16;17;18;21;23;24;25
10/04/2017;01;02;05;07;11;12;13;14;15;16;17;18;19;22;23
07/04/2017;02;03;06;07;09;10;11;12;13;15;17;19;20;23;25
05/04/2017;01;02;03;04;05;08;10;12;13;14;18;22;23;24;25
03/04/2017;01;02;03;04;09;10;11;12;13;15;17;19;20;22;25
31/03/2017;02;05;08;10;11;13;14;15;16;19;20;21;23;24;25
29/03/2017;02;03;04;05;07;08;10;12;15;16;17;18;19;24;25
27/03/2017;02;04;05;06;07;09;11;13;14;19;20;22;23;24;25
24/03/2017;01;03;04;05;07;08;09;11;13;14;15;18;19;20;22
22/03/2017;02;04;07;08;09;10;12;13;14;15;19;20;22;23;25
20/03/2017;01;04;05;06;10;11;12;13;16;19;20;21;23;24;25
17/03/2017;01;02;03;04;05;06;10;11;12;15;16;19;21;22;25
15/03/2017;02;04;05;08;09;10;12;14;18;19;20;21;22;23;25
13/03/2017;01;02;03;05;08;09;11;13;15;17;18;19;23;24;25
10/03/2017;01;02;03;04;06;07;09;10;12;17;18;19;21;22;25
08/03/2017;03;04;05;06;07;09;11;13;14;15;17;20;21;22;23
06/03/2017;01;02;04;05;07;08;09;10;11;12;14;15;19;23;24
03/03/2017;02;03;05;07;08;09;11;17;18;19;20;21;23;24;25
01/03/2017;01;06;07;10;11;12;13;15;16;17;19;20;21;22;25
24/02/2017;02;03;05;06;09;11;13;14;15;16;17;18;20;22;23
22/02/2017;02;05;06;07;10;11;12;15;16;17;18;19;21;24;25
20/02/2017;01;02;03;04;05;06;07;10;12;15;17;18;21;22;23
17/02/2017;02;04;05;06;07;09;10;12;13;14;16;19;21;22;25
15/02/2017;01;02;03;05;06;09;10;12;13;15;18;20;21;24;25
13/02/2017;01;02;05;07;08;10;11;13;14;15;18;19;20;21;25
10/02/2017;01;04;05;07;08;09;10;12;14;16;20;22;23;24;25
08/02/2017;02;03;04;05;07;08;10;12;13;14;18;21;22;23;24
06/02/2017;01;02;04;06;07;08;10;11;13;15;18;20;21;22;24
03/02/2017;02;03;07;08;11;12;13;14;15;18;20;21;22;23;24
01/02/2017;01;02;03;05;06;07;08;09;11;13;16;17;18;19;20
30/01/2017;02;03;05;06;08;11;12;13;14;18;19;20;21;23;24
27/01/2017;01;04;05;06;09;10;11;12;19;20;21;22;23;24;25
25/01/2017;02;03;04;06;10;11;12;14;19;20;21;22;23;24;25
23/01/2017;02;05;07;08;09;10;12;14;16;19;20;21;22;23;24
20/01/2017;01;04;09;10;11;12;13;14;15;16;17;18;22;23;24
18/01/2017;03;04;06;07;10;11;13;14;15;17;19;20;22;23;24
16/01/2017;01;03;04;05;07;09;12;13;14;16;17;20;21;24;25
13/01/2017;02;04;05;06;09;10;11;15;17;18;19;21;23;24;25
11/01/2017;01;03;05;07;11;14;15;16;17;18;19;20;21;24;25
09/01/2017;01;04;06;09;10;12;13;14;16;17;18;19;20;24;25
06/01/2017;01;02;03;05;07;09;11;14;17;18;19;20;22;23;24
04/01/2017;01;02;03;04;07;08;09;10;11;13;14;15;18;23;24
02/01/2017;01;02;06;07;08;09;12;13;14;15;19;20;21;24;25
30/12/2016;02;05;07;08;14;15;16;17;18;19;20;21;22;23;25
28/12/2016;01;03;04;07;10;12;13;14;18;19;20;21;22;23;25
26/12/2016;01;02;05;08;09;10;13;14;15;16;19;21;23;24;25
23/12/2016;02;05;07;08;10;11;13;14;15;17;20;21;23;24;25
21/12/2016;01;02;03;05;10;12;13;14;15;19;20;21;23;24;25
19/12/2016;01;02;04;05;08;09;10;13;14;16;17;19;20;22;24
16/12/2016;01;03;04;05;06;07;08;09;11;15;16;20;22;23;24
14/12/2016;01;03;04;05;06;08;12;13;16;18;19;21;22;23;24
12/12/2016;01;03;04;05;08;11;12;13;17;18;19;21;22;24;25
09/12/2016;01;04;06;07;08;12;13;16;17;20;21;22;23;24;25
07/12/2016;01;04;05;06;08;10;13;15;16;17;18;20;22;23;25
05/12/2016;01;02;04;05;06;09;10;11;14;15;17;18;20;21;24
02/12/2016;01;02;03;05;07;08;09;10;11;12;14;15;16;17;24
30/11/2016;01;02;03;04;07;09;11;12;13;15;16;17;19;20;21
28/11/2016;01;03;04;05;06;07;09;10;11;13;16;19;22;23;25
25/11/2016;02;03;08;10;12;13;14;16;17;18;20;21;22;24;25
23/11/2016;01;02;03;05;11;12;13;14;15;16;17;18;19;22;24
21/11/2016;01;04;07;08;09;10;11;12;14;15;17;20;21;22;24
18/11/2016;02;04;05;06;07;08;09;11;13;14;17;19;20;23;25
16/11/2016;01;02;03;05;06;08;11;12;15;17;18;19;22;23;24
14/11/2016;01;02;03;04;05;06;09;10;12;16;17;19;20;21;23
11/11/2016;03;04;05;06;07;09;10;12;13;15;18;19;22;23;24
09/11/2016;03;06;07;09;10;12;14;15;16;18;20;22;23;24;25
07/11/2016;01;03;04;05;10;11;12;16;17;18;20;21;23;24;25
04/11/2016;01;02;07;08;09;10;12;14;15;16;17;19;20;23;25
31/10/2016;01;03;04;05;07;08;09;13;15;16;20;21;22;23;25
28/10/2016;05;07;08;09;10;12;13;14;15;16;18;19;20;21;25
26/10/2016;02;03;04;05;06;08;09;13;17;18;19;20;21;22;25
24/10/2016;01;02;07;10;11;12;14;15;16;17;18;19;20;22;25
21/10/2016;02;03;04;07;08;10;12;14;15;16;18;22;23;24;25
19/10/2016;01;03;04;05;08;09;11;12;13;14;16;19;20;21;25
17/10/2016;02;04;05;06;08;09;10;11;13;17;18;20;21;23;25
14/10/2016;01;02;04;05;07;08;11;12;13;14;15;16;19;22;23
10/10/2016;01;04;05;07;10;11;13;14;15;16;17;19;22;23;24
07/10/2016;03;05;06;07;08;09;11;12;14;17;18;19;20;23;24
05/10/2016;01;04;06;07;08;10;13;14;15;16;17;20;22;23;25
03/10/2016;02;03;06;07;11;12;15;16;17;18;19;20;21;23;24
30/09/2016;02;04;06;09;10;11;13;14;15;17;18;20;21;22;23
28/09/2016;01;02;03;04;06;07;09;11;13;14;15;18;19;22;23
26/09/2016;03;04;05;07;08;09;10;12;14;15;17;18;19;20;24
23/09/2016;02;04;05;06;10;12;13;15;17;18;19;22;23;24;25
21/09/2016;02;03;04;05;07;09;10;11;13;14;16;17;20;21;23
19/09/2016;02;03;04;05;06;07;08;09;10;13;16;17;18;21;25
16/09/2016;05;06;07;09;11;13;15;16;18;19;21;22;23;24;25
14/09/2016;01;05;06;07;08;09;10;12;13;14;15;16;17;21;23
12/09/2016;02;03;04;05;06;07;09;10;14;15;16;17;20;21;23
09/09/2016;01;02;04;06;07;08;11;12;14;16;17;19;22;24;25
06/09/2016;01;03;05;08;10;11;12;13;14;19;21;22;23;24;25
29/08/2016;01;02;04;05;06;07;10;12;13;20;21;22;23;24;25
26/08/2016;02;03;04;05;06;09;11;13;15;19;20;21;22;24;25
24/08/2016;02;03;04;07;09;10;11;14;15;16;18;19;20;23;24
22/08/2016;01;02;03;04;08;10;11;13;15;16;18;19;21;22;25
19/08/2016;03;04;05;08;09;10;11;12;13;15;16;17;21;23;25
17/08/2016;02;03;04;05;08;09;11;12;14;15;16;19;20;21;23
15/08/2016;01;03;04;05;06;07;08;14;15;18;19;21;22;24;25
12/08/2016;01;02;03;05;06;09;10;12;16;19;21;22;23;24;25
10/08/2016;04;05;06;08;09;12;13;14;15;17;19;21;22;24;25
08/08/2016;01;04;05;06;07;08;11;14;15;16;19;20;21;24;25
05/08/2016;01;03;04;05;06;08;09;11;12;13;14;18;21;22;25
03/08/2016;03;05;06;07;10;12;13;17;18;19;20;22;23;24;25
01/08/2016;05;06;07;08;11;12;13;14;16;17;18;19;22;23;25
29/07/2016;03;04;05;06;09;10;11;14;15;16;18;19;21;22;23
27/07/2016;03;04;05;07;09;10;11;12;13;14;17;18;20;22;23
25/07/2016;01;02;03;04;08;09;14;15;16;17;18;20;21;22;25
22/07/2016;01;03;05;06;10;11;12;15;16;17;19;20;21;24;25
20/07/2016;03;05;06;07;08;11;13;14;15;16;17;18;20;21;23
18/07/2016;01;02;04;05;06;08;10;12;14;15;16;17;18;20;21
15/07/2016;01;03;05;07;08;10;11;12;15;18;19;20;21;23;25
13/07/2016;01;03;04;05;06;07;09;11;12;13;14;15;16;18;24
11/07/2016;01;02;03;04;07;09;13;16;17;18;19;21;22;24;25
08/07/2016;04;05;08;09;10;11;12;13;14;15;17;18;19;20;23
06/07/2016;03;04;06;08;09;11;12;13;15;18;19;20;22;24;25
04/07/2016;02;06;07;08;09;13;14;15;16;17;20;21;22;24;25
01/07/2016;01;06;10;12;13;14;15;16;17;18;19;20;21;22;24
01/07/2016;01;06;10;12;13;14;15;16;17;18;19;20;21;22;24
29/06/2016;01;04;06;08;09;10;12;13;14;16;17;18;19;21;25
27/06/2016;03;04;05;06;08;11;12;14;15;16;17;21;22;24;25
24/06/2016;01;02;04;05;07;08;09;10;12;14;15;17;18;21;22
22/06/2016;01;02;03;06;08;10;12;13;17;19;20;21;23;24;25
20/06/2016;01;05;06;08;09;10;12;13;15;17;19;20;21;22;25
17/06/2016;01;03;04;05;06;12;13;14;15;16;18;19;20;22;24
15/06/2016;01;05;06;09;10;11;14;15;16;18;20;22;23;24;25
13/06/2016;02;03;04;05;06;09;10;14;15;16;19;20;21;23;25
10/06/2016;01;02;03;04;05;06;07;08;12;17;18;20;21;23;24
08/06/2016;01;02;03;05;07;09;10;13;15;16;17;18;21;23;25
06/06/2016;03;04;05;07;13;15;17;18;19;20;21;22;23;24;25
03/06/2016;02;04;05;07;08;11;13;14;17;18;20;21;22;24;25
01/06/2016;03;04;05;09;10;11;12;13;14;16;17;18;21;22;24
30/05/2016;05;07;08;10;11;12;14;16;18;19;20;22;23;24;25
27/05/2016;02;03;04;05;06;07;09;14;15;16;17;18;20;23;24
25/05/2016;04;08;09;10;11;12;13;14;15;16;17;21;22;24;25
23/05/2016;02;03;06;09;10;12;14;15;19;20;21;22;23;24;25
20/05/2016;01;06;09;10;11;12;13;15;16;17;18;20;22;24;25
18/05/2016;05;07;09;10;12;13;14;15;16;17;19;20;21;22;23
16/05/2016;01;03;04;06;09;10;11;12;13;16;21;22;23;24;25
13/05/2016;01;04;05;11;12;13;14;15;16;17;18;19;20;23;25
11/05/2016;01;02;03;04;05;06;08;10;11;12;14;18;20;23;24
09/05/2016;03;05;07;08;09;11;13;14;15;16;17;18;20;21;23
06/05/2016;01;02;03;04;06;08;09;13;15;17;18;19;20;22;23
04/05/2016;03;07;08;09;10;11;12;13;15;17;18;20;21;22;23
02/05/2016;03;04;06;08;09;10;11;12;13;14;15;16;17;19;20
29/04/2016;01;02;03;04;06;07;08;11;15;16;18;20;21;22;24
27/04/2016;01;02;03;05;07;09;11;12;13;14;15;18;20;21;24
25/04/2016;03;05;07;08;09;10;11;12;14;18;21;22;23;24;25
22/04/2016;06;08;10;11;12;13;14;15;16;19;20;21;23;24;25
20/04/2016;02;04;06;07;10;11;13;17;19;20;21;22;23;24;25
18/04/2016;01;05;06;08;09;11;12;13;14;16;18;19;20;21;23
15/04/2016;02;03;04;05;06;07;08;12;14;16;18;19;21;24;25
13/04/2016;01;02;06;07;08;09;10;14;15;18;20;21;22;24;25
11/04/2016;01;03;05;06;07;08;10;12;13;14;17;18;20;23;24
08/04/2016;02;03;05;07;08;10;11;14;15;18;19;20;21;23;25
06/04/2016;01;03;07;08;09;10;11;14;15;17;19;21;22;24;25
04/04/2016;02;04;06;07;08;10;11;12;13;17;18;21;23;24;25
01/04/2016;02;04;05;09;10;11;13;14;15;16;17;19;21;23;24
30/03/2016;01;02;03;05;09;10;11;12;13;15;20;21;23;24;25
28/03/2016;01;03;04;08;09;10;13;14;15;16;17;20;21;23;24
28/03/2016;01;03;04;08;09;10;13;14;15;16;17;20;21;23;24
26/03/2016;01;02;04;05;07;09;10;12;13;14;16;17;18;19;22
23/03/2016;02;03;04;05;06;07;08;11;13;14;16;20;21;23;24
21/03/2016;01;02;03;04;06;07;10;11;12;13;14;15;16;17;19
18/03/2016;01;03;05;06;08;09;10;12;13;15;16;19;21;23;25
16/03/2016;06;08;09;10;11;12;13;14;15;17;18;19;20;22;24
14/03/2016;01;03;04;06;07;09;10;11;13;16;17;18;23;24;25
11/03/2016;03;04;06;07;09;10;11;13;15;16;17;18;19;21;22
09/03/2016;03;04;05;07;08;09;10;11;12;14;17;18;20;22;24
07/03/2016;01;04;05;06;08;11;12;13;14;15;16;18;20;21;24
04/03/2016;01;02;03;05;06;07;10;11;14;15;16;18;23;24;25
02/03/2016;04;05;07;10;12;13;16;17;18;19;20;22;23;24;25
29/02/2016;02;03;04;05;07;10;11;13;15;16;18;22;23;24;25
26/02/2016;02;05;06;08;09;10;13;15;16;17;21;22;23;24;25
24/02/2016;01;03;04;05;07;10;13;14;16;17;18;20;22;23;25
22/02/2016;01;03;04;06;08;09;10;17;18;19;20;21;22;24;25
19/02/2016;02;03;05;06;07;09;10;14;15;16;18;19;20;21;25
17/02/2016;01;04;05;06;07;08;10;11;13;17;18;19;21;24;25
15/02/2016;01;04;05;06;09;10;11;13;14;17;19;20;21;22;23
12/02/2016;01;02;06;07;08;09;11;13;15;16;17;18;21;24;25
10/02/2016;02;03;04;06;07;09;10;11;13;14;18;19;20;23;24
05/02/2016;02;03;04;05;09;11;12;13;15;16;17;21;22;23;25
03/02/2016;03;05;06;08;09;10;11;13;14;15;17;19;22;23;25
01/02/2016;01;02;03;04;06;07;08;09;12;13;14;15;17;20;23
29/01/2016;01;03;05;07;08;09;10;11;14;16;20;22;23;24;25
27/01/2016;01;02;03;04;05;06;11;12;15;17;19;20;23;24;25
25/01/2016;01;02;03;04;05;08;10;11;12;14;16;18;19;23;25
22/01/2016;03;05;08;09;10;11;14;15;16;18;19;21;22;24;25
20/01/2016;01;04;08;10;11;13;15;16;17;20;21;22;23;24;25
18/01/2016;01;02;04;05;06;07;09;11;13;18;19;20;23;24;25
15/01/2016;02;03;05;06;08;10;11;12;14;15;17;18;20;23;25
13/01/2016;01;02;03;04;05;07;08;10;11;15;17;18;19;21;23
11/01/2016;02;04;05;06;08;10;12;13;14;16;18;19;20;24;25
08/01/2016;03;05;06;07;08;09;11;14;16;17;19;20;22;23;25
06/01/2016;03;04;06;08;09;10;12;13;14;15;16;18;20;21;23
04/01/2016;01;02;05;06;07;09;12;13;14;15;18;19;20;22;23
02/01/2016;02;03;04;05;06;07;08;11;12;13;15;17;20;23;25
30/12/2015;01;02;03;07;08;10;11;13;14;17;18;19;20;21;25
28/12/2015;01;05;08;09;10;11;13;14;15;16;18;19;20;22;23
26/12/2015;03;04;06;09;11;12;13;14;15;16;17;18;20;22;25
23/12/2015;01;02;03;04;06;07;09;10;14;16;17;19;22;24;25
21/12/2015;02;06;07;09;10;11;12;13;14;15;18;20;23;24;25
18/12/2015;01;03;05;07;08;11;13;17;18;19;20;21;22;23;25
16/12/2015;02;03;04;06;07;09;12;17;18;20;21;22;23;24;25
14/12/2015;01;02;05;06;07;08;09;10;11;12;16;17;18;19;22
11/12/2015;05;07;09;10;11;14;15;16;17;18;19;20;21;23;25
09/12/2015;03;06;09;10;11;12;13;14;15;17;18;19;23;24;25
07/12/2015;02;05;06;07;08;10;11;12;13;14;16;18;20;23;25
04/12/2015;01;02;07;08;09;10;11;12;13;15;17;18;20;22;24
02/12/2015;01;02;03;07;08;10;11;14;15;17;19;22;23;24;25
30/11/2015;01;06;07;08;10;11;12;13;15;16;18;19;20;21;24
27/11/2015;01;03;04;05;06;11;13;14;16;19;20;21;22;23;25
25/11/2015;01;02;05;07;08;11;13;15;16;17;18;20;22;24;25
23/11/2015;01;02;05;09;10;13;15;16;17;18;19;20;23;24;25
20/11/2015;03;04;05;06;09;11;13;17;18;19;21;22;23;24;25
18/11/2015;01;03;04;05;07;10;11;12;16;17;19;20;21;23;25
16/11/2015;01;02;06;07;10;11;12;15;16;17;18;20;22;24;25
13/11/2015;02;04;05;07;08;10;11;13;16;17;18;20;22;23;25
11/11/2015;02;06;07;08;09;10;11;12;13;15;16;17;18;22;23
09/11/2015;05;06;07;09;10;11;12;14;17;19;20;21;22;23;25
06/11/2015;01;03;05;06;08;09;12;13;15;19;21;22;23;24;25
04/11/2015;01;03;04;05;07;09;11;14;15;17;19;22;23;24;25
03/11/2015;01;03;04;07;08;09;11;12;13;14;16;18;19;21;23
30/10/2015;04;06;07;09;10;12;15;16;17;18;19;20;21;22;24
28/10/2015;01;02;03;04;06;09;10;12;13;15;17;18;21;22;25
26/10/2015;01;03;05;07;10;12;14;15;16;18;19;21;22;23;24
23/10/2015;03;06;07;08;10;11;13;14;15;16;17;18;20;23;25
21/10/2015;01;03;07;08;10;11;12;13;14;15;18;19;20;22;25
19/10/2015;01;03;05;06;08;11;12;13;14;15;18;19;20;22;24
16/10/2015;01;04;07;09;10;14;15;17;18;19;20;21;23;24;25
14/10/2015;01;02;04;06;08;09;11;12;13;14;17;18;23;24;25
13/10/2015;01;02;03;04;05;06;08;09;10;11;13;20;21;23;25
09/10/2015;01;04;05;07;08;11;13;14;16;17;18;20;21;22;23
07/10/2015;01;02;03;06;07;08;11;12;13;15;17;18;21;22;24
05/10/2015;02;03;05;06;07;09;11;12;13;15;16;17;18;22;25
02/10/2015;01;02;03;05;06;08;09;10;11;13;14;15;20;23;24
30/09/2015;01;02;03;04;07;11;13;14;15;16;19;22;23;24;25
28/09/2015;01;04;05;08;10;11;12;14;17;18;21;22;23;24;25
25/09/2015;03;04;05;08;09;10;11;12;13;16;18;20;22;23;25
23/09/2015;01;03;04;06;08;11;12;13;16;17;20;21;22;23;24
21/09/2015;01;04;05;07;10;12;15;16;17;18;19;20;21;22;25
18/09/2015;01;02;03;04;05;06;07;11;14;15;17;18;20;22;24
16/09/2015;02;05;08;09;10;13;14;16;17;18;19;20;22;23;25
14/09/2015;02;03;04;05;06;08;09;10;12;13;14;20;21;23;25
11/09/2015;01;02;05;06;08;10;11;12;13;14;16;19;20;22;25
09/09/2015;01;02;06;08;10;11;12;13;14;15;16;18;19;22;23
08/09/2015;01;02;04;06;07;09;10;13;14;16;18;20;21;23;25
28/08/2015;02;03;08;09;11;12;14;15;16;17;18;20;21;22;23
26/08/2015;01;02;03;05;06;07;11;15;16;18;20;22;23;24;25
24/08/2015;01;03;04;05;06;08;09;10;11;12;15;20;21;23;24
21/08/2015;02;06;07;08;09;10;14;15;16;17;19;20;21;23;25
19/08/2015;02;03;04;05;07;09;10;14;15;17;18;19;20;24;25
17/08/2015;03;04;05;06;09;12;13;14;15;18;19;20;22;24;25
14/08/2015;01;03;05;10;11;12;13;15;16;17;19;20;22;24;25
12/08/2015;02;03;07;08;09;11;15;16;17;18;19;20;23;24;25
10/08/2015;01;04;07;08;09;10;12;13;16;17;18;19;22;24;25
07/08/2015;02;03;04;05;06;08;09;11;15;16;17;18;19;21;25
05/08/2015;01;03;05;07;09;10;11;12;13;16;17;19;21;23;25
03/08/2015;01;02;04;05;06;08;12;13;14;15;16;17;22;24;25
31/07/2015;01;02;04;05;07;11;14;15;16;19;20;21;23;24;25
29/07/2015;01;04;05;08;09;10;11;12;13;15;17;20;22;24;25
27/07/2015;01;02;03;04;05;06;09;12;13;16;18;19;20;22;24
24/07/2015;05;06;08;09;10;11;12;13;14;15;16;18;20;22;24
22/07/2015;02;03;05;07;08;09;11;13;14;15;16;17;18;21;25
20/07/2015;03;05;06;07;08;09;10;12;13;14;18;21;22;24;25
17/07/2015;01;02;03;05;06;07;09;10;11;12;13;17;19;23;25
15/07/2015;01;02;03;04;06;09;10;11;12;13;15;17;18;20;24
13/07/2015;01;02;05;08;09;10;14;16;17;18;19;20;21;24;25
10/07/2015;01;04;05;09;10;13;14;15;16;17;18;19;22;23;25
08/07/2015;02;03;05;06;09;10;13;14;15;16;19;21;23;24;25
06/07/2015;01;03;04;05;07;08;12;13;15;16;18;20;21;22;25
03/07/2015;01;02;03;05;06;07;08;10;11;12;13;17;18;19;21
01/07/2015;01;02;03;05;06;07;08;13;14;17;19;20;22;24;25
29/06/2015;01;02;03;04;06;07;09;10;12;13;17;20;22;23;24
26/06/2015;01;02;07;08;09;10;11;12;13;14;17;19;21;22;25
24/06/2015;01;03;05;07;08;10;11;14;15;17;19;21;22;23;24
22/06/2015;02;03;05;07;11;13;14;15;17;18;20;21;23;24;25
19/06/2015;01;02;04;05;06;08;09;11;12;14;15;16;17;18;19
17/06/2015;02;06;07;08;09;10;13;14;16;17;18;20;21;22;23
15/06/2015;01;02;03;04;05;08;09;10;11;13;15;17;20;22;24
12/06/2015;02;03;04;06;09;10;12;14;15;18;19;21;22;23;24
10/06/2015;02;03;04;05;06;07;09;13;14;17;18;19;20;23;25
08/06/2015;02;03;04;05;06;08;09;10;14;16;19;20;22;23;25
05/06/2015;01;02;03;04;05;07;09;10;11;13;14;18;20;21;23
03/06/2015;01;03;06;07;08;09;10;11;12;13;17;19;20;24;25
01/06/2015;01;02;03;07;10;12;14;15;17;18;20;21;22;23;24
29/05/2015;03;07;09;11;12;13;14;15;16;17;18;20;21;22;24
27/05/2015;01;02;03;04;05;07;08;09;13;14;18;19;20;21;23
25/05/2015;02;03;05;06;07;08;09;10;14;17;18;20;23;24;25
22/05/2015;01;02;03;05;06;07;08;09;10;15;16;17;18;20;24
20/05/2015;01;02;03;05;07;10;11;12;13;15;16;17;20;23;24
18/05/2015;01;02;04;08;10;11;13;15;16;18;19;20;21;22;25
15/05/2015;03;04;05;07;08;09;10;11;14;15;16;18;19;20;24
13/05/2015;01;02;03;04;05;10;11;14;15;18;19;20;22;24;25
11/05/2015;01;03;04;07;09;10;11;12;13;14;15;18;19;21;24
08/05/2015;01;03;05;07;10;11;13;14;15;18;21;22;23;24;25
06/05/2015;01;03;06;08;09;11;12;14;17;18;20;21;22;24;25
04/05/2015;01;02;05;07;08;09;12;13;15;16;19;20;21;22;23
02/05/2015;01;02;03;05;06;11;12;13;14;15;17;22;23;24;25
29/04/2015;02;03;04;08;10;13;14;16;17;18;19;20;23;24;25
27/04/2015;05;06;09;10;11;14;16;18;19;20;21;22;23;24;25
24/04/2015;03;04;05;06;07;08;10;11;12;14;15;16;22;24;25
22/04/2015;01;02;03;04;05;06;10;14;15;16;19;21;22;24;25
20/04/2015;01;03;04;06;07;09;10;11;15;17;20;21;22;23;25
17/04/2015;01;04;05;06;07;08;11;13;14;16;17;18;20;24;25
15/04/2015;01;02;04;06;07;08;09;11;12;16;17;18;19;20;23
13/04/2015;01;05;06;09;10;11;12;14;15;17;18;19;20;22;25
10/04/2015;02;04;08;09;10;12;15;16;17;18;19;22;23;24;25
08/04/2015;01;04;07;08;09;10;13;14;15;18;19;20;22;23;25
06/04/2015;01;02;03;04;05;06;09;11;12;13;15;16;19;20;21
04/04/2015;01;02;03;05;07;10;12;13;14;16;17;18;22;24;25
01/04/2015;02;03;04;06;09;10;11;14;15;16;17;21;22;23;25
30/03/2015;03;04;05;08;09;12;13;14;15;17;18;19;20;21;25
27/03/2015;01;02;04;05;06;08;10;12;13;14;18;20;22;23;24
25/03/2015;01;02;04;07;08;10;11;12;14;16;19;21;22;23;25
23/03/2015;01;02;04;05;06;09;11;14;15;16;18;20;22;23;24
20/03/2015;03;05;06;07;09;13;14;16;18;19;21;22;23;24;25
18/03/2015;02;04;06;07;10;11;12;14;16;17;18;19;20;21;25
16/03/2015;01;03;04;09;11;13;14;15;16;18;19;20;22;24;25
13/03/2015;03;06;07;08;10;12;13;16;18;19;20;21;22;24;25
11/03/2015;03;04;05;06;07;08;09;11;13;14;20;21;22;23;24
09/03/2015;01;02;06;07;08;09;10;11;13;14;15;19;20;22;23
06/03/2015;01;02;03;05;06;07;08;09;13;15;18;19;20;21;25
04/03/2015;01;04;07;08;09;11;12;16;17;18;19;20;21;23;24
02/03/2015;02;03;05;06;08;09;10;11;12;16;17;20;22;23;25
27/02/2015;02;03;05;07;10;11;12;13;15;16;18;19;20;23;25
25/02/2015;01;03;04;08;10;12;13;14;15;19;20;21;23;24;25
23/02/2015;01;02;03;05;06;08;09;10;11;13;15;17;18;19;23
20/02/2015;01;02;04;05;07;08;09;11;14;16;18;19;20;21;22
18/02/2015;02;06;08;09;10;11;12;13;14;16;19;20;23;24;25
13/02/2015;01;07;08;11;12;13;14;15;16;17;18;20;21;22;23
11/02/2015;01;02;04;07;08;10;13;15;16;18;19;20;21;22;25
09/02/2015;02;03;04;07;08;09;12;15;16;17;18;21;22;24;25
06/02/2015;01;03;04;05;07;08;09;10;11;13;16;19;23;24;25
04/02/2015;01;02;04;05;07;08;09;11;12;14;15;16;18;21;23
02/02/2015;02;04;05;06;09;10;12;14;15;17;18;19;20;21;24
30/01/2015;01;02;03;05;08;09;10;12;15;17;18;19;21;22;25
28/01/2015;03;04;05;08;10;11;13;15;17;20;21;22;23;24;25
26/01/2015;02;06;07;09;11;12;13;14;16;17;19;20;21;23;24
23/01/2015;01;03;04;07;09;11;13;15;18;19;20;21;23;24;25
21/01/2015;01;02;04;05;06;08;10;11;15;17;18;19;22;24;25
19/01/2015;02;04;05;06;07;08;10;11;15;16;17;18;21;22;25
16/01/2015;01;02;03;04;06;08;09;14;15;16;17;22;23;24;25
14/01/2015;02;03;05;07;10;13;14;15;16;17;19;20;22;24;25
12/01/2015;02;04;05;06;07;08;11;12;13;15;16;18;21;22;24
09/01/2015;01;03;04;06;07;11;12;13;14;15;17;21;22;24;25
07/01/2015;01;02;03;04;08;09;12;13;15;16;18;19;22;24;25
05/01/2015;01;03;04;05;10;11;13;15;16;17;19;21;23;24;25
02/01/2015;01;02;03;05;06;08;09;12;13;15;18;19;20;24;25
31/12/2014;03;04;05;07;08;09;10;12;16;18;19;20;21;22;25
29/12/2014;01;03;07;09;10;11;12;14;15;16;20;21;22;24;25
26/12/2014;05;07;08;09;11;12;13;14;15;17;18;20;22;23;24
24/12/2014;01;02;03;06;07;08;10;12;15;17;18;19;21;22;23
22/12/2014;01;03;04;05;06;09;10;13;14;16;17;18;19;20;24
19/12/2014;01;06;07;08;09;11;12;14;15;16;18;19;20;22;25
17/12/2014;02;03;04;05;07;11;13;15;17;18;19;21;22;24;25
15/12/2014;03;04;05;06;08;09;11;13;14;15;16;17;18;23;24
12/12/2014;02;03;04;06;07;08;10;13;14;17;18;19;23;24;25
10/12/2014;01;03;04;06;10;11;12;13;14;16;17;18;23;24;25
08/12/2014;02;04;07;08;09;10;12;13;15;16;19;20;22;23;24
05/12/2014;05;06;09;10;11;12;13;15;16;17;18;22;23;24;25
03/12/2014;03;04;05;06;07;08;10;15;18;19;20;21;23;24;25
01/12/2014;01;02;03;06;11;13;14;15;16;17;18;19;21;22;25
28/11/2014;01;02;03;05;06;07;10;11;13;15;16;18;20;21;22
26/11/2014;02;04;05;07;08;09;10;11;12;15;19;20;21;23;25
24/11/2014;01;02;05;06;07;09;10;11;15;17;18;19;21;22;24
21/11/2014;03;04;05;08;09;10;12;15;16;17;18;19;23;24;25
19/11/2014;01;02;04;08;10;11;12;13;14;15;17;18;20;23;25
17/11/2014;02;04;05;06;07;08;09;10;12;13;14;16;18;24;25
14/11/2014;01;02;06;07;08;09;11;12;13;14;17;21;22;23;24
12/11/2014;02;03;04;06;12;14;15;16;17;19;20;21;22;24;25
10/11/2014;01;02;05;08;10;11;12;13;14;15;17;20;22;24;25
07/11/2014;02;03;04;05;07;08;12;13;16;17;18;19;21;22;23
05/11/2014;01;02;03;04;06;07;10;11;12;14;16;17;20;24;25
03/11/2014;01;03;04;06;08;09;11;13;14;15;16;17;22;23;24
31/10/2014;03;05;06;07;08;12;13;16;17;18;19;22;23;24;25
29/10/2014;01;03;04;06;09;11;12;13;15;16;17;18;21;22;25
27/10/2014;01;03;04;05;06;08;10;12;13;15;19;21;22;24;25
24/10/2014;02;04;06;07;08;10;11;13;15;16;17;19;22;23;24
22/10/2014;02;03;07;10;11;12;13;14;16;19;20;21;23;24;25
20/10/2014;01;02;04;05;06;08;09;11;12;17;18;20;22;23;25
17/10/2014;02;04;05;06;08;09;10;12;13;14;16;17;18;19;24
15/10/2014;01;02;03;05;06;07;08;10;12;14;15;17;18;20;23
13/10/2014;01;02;05;06;08;10;11;13;14;15;20;21;23;24;25
10/10/2014;01;02;03;05;07;08;11;12;13;14;15;16;19;21;23
08/10/2014;01;02;03;04;05;06;09;12;15;17;18;21;22;24;25
06/10/2014;02;03;07;08;09;10;11;12;17;18;20;22;23;24;25
03/10/2014;01;02;03;04;05;06;08;10;11;12;15;18;19;20;22
01/10/2014;01;03;06;07;09;12;13;14;15;17;19;20;22;24;25
29/09/2014;01;02;03;06;07;08;12;13;15;16;17;18;20;22;24
26/09/2014;02;03;04;06;09;11;12;13;14;15;16;22;23;24;25
24/09/2014;01;02;03;04;06;09;10;15;17;18;19;20;22;24;25
22/09/2014;01;04;05;06;07;08;09;10;11;17;18;19;20;21;25
19/09/2014;01;02;04;05;07;08;09;12;13;14;17;21;22;24;25
17/09/2014;01;02;04;08;09;10;11;12;14;16;18;19;20;21;24
15/09/2014;02;03;04;09;10;11;12;13;14;15;16;19;21;23;24
12/09/2014;01;02;04;06;07;09;11;13;15;17;18;20;23;24;25
10/09/2014;02;05;06;08;09;11;13;14;15;16;18;19;21;22;23
08/09/2014;02;04;05;07;09;10;11;12;14;16;18;20;21;22;25
07/09/2014;02;03;05;06;08;12;14;15;18;19;20;21;22;23;24
29/08/2014;01;02;03;06;09;10;11;13;15;17;18;19;23;24;25
27/08/2014;05;06;07;09;10;11;12;14;15;16;18;19;20;23;24
25/08/2014;02;03;06;07;08;11;12;13;14;16;21;22;23;24;25
22/08/2014;03;04;05;07;08;10;11;12;14;15;16;18;23;24;25
20/08/2014;04;05;06;09;10;12;14;15;16;18;19;20;23;24;25
18/08/2014;01;02;04;07;08;10;12;13;14;15;20;21;22;23;25
15/08/2014;02;03;05;06;07;09;15;16;17;18;21;22;23;24;25
13/08/2014;01;02;03;04;05;06;08;09;10;12;14;16;19;22;25
11/08/2014;01;02;04;05;06;09;10;11;13;18;21;22;23;24;25
08/08/2014;04;05;08;09;11;12;13;14;15;18;19;20;22;24;25
06/08/2014;02;04;05;06;07;09;10;12;13;14;16;20;23;24;25
04/08/2014;03;05;08;09;10;11;13;14;15;17;18;20;21;22;24
01/08/2014;02;03;04;06;08;12;13;14;15;16;19;21;22;23;24
30/07/2014;01;02;03;05;06;07;09;10;12;13;18;19;20;22;23
28/07/2014;02;03;04;06;09;12;13;16;17;18;19;20;21;23;24
25/07/2014;02;04;05;07;10;12;13;15;17;18;19;21;22;23;24
23/07/2014;03;06;07;08;09;10;14;16;18;19;21;22;23;24;25
21/07/2014;01;02;03;04;05;06;07;09;10;13;17;18;21;24;25
18/07/2014;01;02;03;04;06;11;13;16;17;18;20;21;22;23;24
16/07/2014;03;07;09;10;11;13;15;16;17;18;19;21;22;23;24
14/07/2014;01;05;06;07;10;12;13;14;15;16;18;19;21;22;23
11/07/2014;02;03;05;06;10;11;12;14;15;16;17;21;22;23;25
09/07/2014;05;06;07;08;11;13;14;15;16;17;19;20;21;22;24
07/07/2014;02;04;05;06;07;09;10;11;13;17;18;21;23;24;25
04/07/2014;01;02;05;06;07;08;10;12;13;14;15;19;20;21;24
02/07/2014;04;09;10;11;12;13;14;15;16;17;18;20;21;22;25
30/06/2014;01;02;06;09;10;12;15;16;17;18;21;22;23;24;25
27/06/2014;01;04;07;08;09;10;11;13;17;20;21;22;23;24;25
25/06/2014;01;03;04;05;06;07;13;16;17;19;20;21;22;23;24
23/06/2014;01;02;03;04;05;07;09;13;14;15;17;20;22;23;25
20/06/2014;02;03;04;05;06;10;11;12;13;14;16;17;21;22;24
18/06/2014;04;09;10;11;12;13;16;18;19;20;21;22;23;24;25
16/06/2014;01;03;04;08;10;11;12;13;15;16;17;22;23;24;25
13/06/2014;02;06;07;10;11;13;14;15;16;17;18;20;21;22;24
11/06/2014;01;02;03;04;05;07;10;11;13;14;15;17;21;22;25
09/06/2014;02;04;05;06;10;11;14;16;17;18;19;21;22;23;24
06/06/2014;02;03;04;05;06;12;14;15;17;19;20;21;22;24;25
04/06/2014;02;03;07;08;09;10;11;14;15;16;18;19;21;24;25
02/06/2014;02;05;06;07;10;12;13;14;15;16;20;21;22;24;25
30/05/2014;03;04;05;07;08;09;11;13;15;16;17;19;20;23;25
28/05/2014;02;03;05;07;08;09;12;14;15;16;19;21;22;23;24
26/05/2014;01;02;04;05;07;08;13;14;15;16;17;20;21;22;23
23/05/2014;01;02;03;05;07;08;11;14;15;16;19;20;21;22;24
21/05/2014;04;05;06;07;09;12;13;16;17;18;20;21;22;24;25
19/05/2014;01;04;06;07;08;09;11;13;14;16;19;20;21;23;25
16/05/2014;02;04;05;06;08;09;10;11;14;15;18;19;21;22;23
14/05/2014;01;02;03;07;08;09;10;12;13;14;18;22;23;24;25
12/05/2014;02;03;04;05;06;09;12;13;15;16;17;18;20;24;25
09/05/2014;01;02;03;04;06;11;12;13;14;15;17;18;22;23;24
07/05/2014;01;03;04;05;06;08;10;11;16;17;18;20;21;23;24
05/05/2014;02;03;04;07;08;10;11;13;14;16;18;20;21;23;25
02/05/2014;01;04;06;07;10;12;13;15;16;17;19;21;22;24;25
30/04/2014;02;04;05;09;12;14;16;17;18;19;20;21;22;23;25
28/04/2014;01;02;03;05;06;07;09;10;15;16;17;18;20;21;25
25/04/2014;04;07;08;09;10;11;12;15;16;17;20;21;22;24;25
23/04/2014;03;04;05;07;08;11;12;13;14;18;20;21;22;23;25
19/04/2014;02;03;05;06;09;11;15;16;17;20;21;22;23;24;25
16/04/2014;02;04;05;06;07;08;10;11;12;15;17;20;23;24;25
14/04/2014;01;02;06;07;08;09;10;11;12;14;17;18;19;24;25
11/04/2014;01;03;06;07;08;09;10;11;14;15;16;19;21;22;24
16/04/2014;02;04;05;06;07;08;10;11;12;15;17;20;23;24;25
14/04/2014;01;02;06;07;08;09;10;11;12;14;17;18;19;24;25
11/04/2014;01;03;06;07;08;09;10;11;14;15;16;19;21;22;24
09/04/2014;01;03;05;07;10;12;13;15;17;19;20;21;23;24;25
07/04/2014;01;02;04;06;08;09;10;12;13;16;20;21;22;23;25
04/04/2014;01;02;03;08;09;12;13;14;15;18;19;20;21;22;24
02/04/2014;02;06;07;08;09;10;13;16;17;18;19;20;21;24;25
31/03/2014;01;05;06;09;10;11;12;15;17;18;20;21;23;24;25
28/03/2014;04;05;07;09;10;11;12;14;17;18;19;20;21;22;24
26/03/2014;04;06;07;09;12;13;14;15;18;19;20;21;22;23;25
24/03/2014;02;03;04;06;08;10;12;13;14;17;18;19;20;21;23
21/03/2014;03;04;06;07;08;12;13;14;16;17;18;21;22;23;24
19/03/2014;01;02;03;04;06;08;10;11;13;14;16;17;18;20;23
17/03/2014;01;02;04;05;06;09;11;12;14;15;17;19;20;22;24
14/03/2014;01;02;03;04;08;09;10;11;15;16;17;18;19;20;23
12/03/2014;01;02;03;06;08;11;13;14;17;18;19;22;23;24;25
10/03/2014;04;05;06;07;08;09;10;11;16;17;19;20;23;24;25
07/03/2014;01;03;05;06;08;09;10;12;14;15;16;19;21;23;25
05/03/2014;01;05;06;07;11;12;14;15;16;18;19;20;21;23;24
28/02/2014;01;02;07;09;11;13;14;15;16;17;18;19;22;23;25
26/02/2014;01;02;04;07;09;10;11;12;13;14;17;20;21;22;23
24/02/2014;01;02;03;06;07;08;09;11;13;14;16;18;21;22;23
21/02/2014;01;03;04;05;07;08;09;10;14;16;18;21;22;24;25
19/02/2014;01;05;06;09;10;13;14;15;16;18;19;20;21;22;23
17/02/2014;02;03;05;07;09;11;12;13;15;16;18;19;20;21;24
14/02/2014;01;02;03;04;05;07;08;10;12;17;18;20;21;22;23
12/02/2014;02;04;05;07;08;10;11;12;14;16;17;18;19;22;24
10/02/2014;01;02;03;04;08;09;10;11;12;15;16;17;19;21;23
07/02/2014;01;02;03;05;06;11;12;14;15;16;19;20;21;23;25
05/02/2014;01;02;03;05;06;07;08;13;15;16;17;18;20;21;23
03/02/2014;01;02;08;09;10;12;13;14;17;18;20;22;23;24;25
31/01/2014;01;02;03;04;05;07;10;11;13;17;18;19;20;21;23
29/01/2014;01;02;07;09;11;12;14;15;16;17;18;21;22;24;25
27/01/2014;01;03;04;05;07;09;10;13;15;17;18;19;23;24;25
24/01/2014;01;02;04;06;08;10;11;13;14;15;16;19;21;22;23
22/01/2014;02;04;06;09;10;11;12;14;15;17;18;19;20;22;24
20/01/2014;01;03;06;07;08;09;10;12;13;16;17;18;19;21;22
17/01/2014;01;02;03;06;07;09;10;11;12;18;20;22;23;24;25
15/01/2014;01;03;04;05;06;07;09;13;14;15;16;20;22;23;24
13/01/2014;01;05;07;09;10;12;14;15;16;18;19;20;21;22;24
10/01/2014;01;02;03;06;10;12;14;15;18;19;20;21;22;24;25
09/01/2014;01;02;03;06;08;10;12;14;16;17;19;20;21;23;25
06/01/2014;03;04;08;10;12;13;14;15;16;17;18;20;21;22;24
03/01/2014;05;06;07;08;10;11;12;13;14;17;19;20;21;23;25
30/12/2013;02;03;04;08;11;12;13;14;15;16;17;18;19;20;22
27/12/2013;01;02;05;06;07;08;10;12;13;14;15;16;18;21;24
23/12/2013;01;02;03;04;05;09;11;12;14;17;19;20;21;22;23
20/12/2013;02;04;05;07;09;10;12;15;16;17;18;19;22;23;24
18/12/2013;02;03;04;06;07;09;13;16;17;18;20;21;23;24;25
16/12/2013;01;02;03;04;07;08;09;12;13;14;17;20;22;23;24
13/12/2013;03;05;07;08;09;11;12;13;14;15;16;18;22;23;25
11/12/2013;02;04;05;07;09;10;12;14;17;20;21;22;23;24;25
09/12/2013;01;03;04;05;07;08;09;10;11;13;15;17;19;20;24
06/12/2013;01;02;05;06;07;09;12;14;15;17;18;21;22;24;25
04/12/2013;01;05;06;07;08;10;11;12;13;15;16;19;20;22;24
02/12/2013;03;04;06;08;09;10;13;14;15;17;18;19;22;23;24
29/11/2013;01;03;05;07;09;11;12;13;15;16;17;19;20;24;25
27/11/2013;02;04;05;06;07;09;11;12;13;15;18;19;20;22;23
25/11/2013;01;02;05;07;11;13;14;15;16;18;20;21;22;23;24
22/11/2013;03;04;06;07;09;12;13;14;17;18;21;22;23;24;25
20/11/2013;02;04;08;09;10;11;12;13;15;20;21;22;23;24;25
18/11/2013;02;04;05;06;07;08;10;11;14;15;16;18;19;21;25
16/11/2013;01;03;04;05;06;07;09;13;14;17;18;20;21;23;24
13/11/2013;01;02;03;04;06;08;09;12;16;18;19;21;22;24;25
11/11/2013;01;02;06;07;08;09;10;11;12;13;17;20;21;22;24
08/11/2013;02;05;06;07;08;09;10;14;16;19;21;22;23;24;25
06/11/2013;03;04;05;06;07;08;09;11;12;13;14;15;16;18;25
04/11/2013;01;02;06;07;08;10;11;13;14;17;18;20;22;23;24
01/11/2013;01;02;03;04;06;07;10;11;13;14;19;21;23;24;25
30/10/2013;01;02;04;06;07;10;11;12;13;14;16;17;19;20;24
28/10/2013;01;04;06;07;08;09;10;12;14;15;17;19;21;22;24
25/10/2013;01;02;03;05;06;08;11;14;15;18;20;21;22;24;25
23/10/2013;01;03;06;08;11;13;14;15;16;20;21;22;23;24;25
21/10/2013;03;04;05;06;07;09;10;11;18;20;21;22;23;24;25
18/10/2013;01;03;06;08;09;10;12;15;17;18;19;20;21;23;24
16/10/2013;01;03;04;05;09;10;11;12;16;17;18;19;20;22;24
14/10/2013;02;03;04;05;07;09;11;13;14;16;18;19;20;21;25
11/10/2013;02;03;04;06;08;09;10;11;16;17;20;21;22;23;25
09/10/2013;02;03;04;05;06;07;08;10;11;12;17;19;21;22;25
07/10/2013;03;04;08;09;10;11;13;14;15;16;18;19;21;22;24
04/10/2013;01;02;03;04;07;09;10;11;15;17;18;19;20;21;23
02/10/2013;03;04;06;07;09;10;11;14;15;16;17;18;19;23;24
30/09/2013;01;04;06;08;09;11;13;14;15;17;20;21;22;23;25
27/09/2013;01;02;03;04;05;07;09;11;12;15;18;20;21;22;25
25/09/2013;01;02;03;04;06;07;10;12;14;16;17;18;20;21;24
23/09/2013;02;05;06;09;11;12;14;16;19;20;21;22;23;24;25
20/09/2013;01;04;05;06;09;12;13;14;16;17;19;20;21;22;24
18/09/2013;01;03;04;05;06;07;08;13;15;16;21;22;23;24;25
16/09/2013;02;03;04;05;06;08;11;12;13;16;17;18;19;21;22
13/09/2013;01;02;04;05;07;09;10;11;12;13;14;16;18;21;24
11/09/2013;03;05;06;08;10;11;12;13;14;16;18;20;23;24;25
09/09/2013;01;02;05;06;07;09;10;12;13;14;15;16;18;21;24
07/09/2013;01;03;04;06;08;11;12;14;17;18;19;21;22;23;25
30/08/2013;03;07;08;09;10;13;14;15;17;19;20;21;22;23;25
28/08/2013;02;04;05;07;08;09;12;13;14;17;18;19;20;21;25
26/08/2013;01;06;07;08;09;10;11;12;13;14;15;16;17;21;23
23/08/2013;01;02;05;06;08;09;11;13;16;17;18;19;21;22;24
21/08/2013;01;02;03;05;07;09;10;11;12;15;16;18;20;22;24
19/08/2013;01;07;08;09;10;14;16;17;18;19;20;21;22;24;25
16/08/2013;02;03;04;05;06;09;11;13;18;19;20;21;23;24;25
14/08/2013;01;08;09;10;11;12;13;14;16;17;18;19;21;24;25
12/08/2013;03;04;05;06;09;10;12;13;14;15;17;18;21;22;23
09/08/2013;01;03;04;05;06;07;11;12;13;18;19;20;21;22;24
07/08/2013;01;02;03;04;05;07;08;09;10;11;15;16;18;23;25
05/08/2013;02;03;04;06;07;09;13;14;16;17;18;19;20;24;25
02/08/2013;01;04;05;06;07;09;10;11;15;16;18;19;20;21;25
31/07/2013;02;03;04;06;07;10;11;13;15;16;17;18;19;20;25
29/07/2013;01;02;06;09;10;11;12;13;14;16;19;20;23;24;25
26/07/2013;01;02;03;04;06;07;08;13;15;17;18;19;20;23;25
24/07/2013;01;02;03;04;05;06;07;09;10;12;14;18;19;22;23
22/07/2013;02;03;04;08;09;10;11;14;19;20;21;22;23;24;25
19/07/2013;02;03;04;05;06;07;10;11;14;15;16;17;19;23;24
17/07/2013;01;04;05;08;12;13;14;15;16;18;20;21;22;23;25
15/07/2013;02;03;05;06;08;10;11;12;14;16;19;20;22;24;25
12/07/2013;02;03;05;06;09;11;12;14;15;16;20;22;23;24;25
10/07/2013;01;02;04;05;07;08;09;10;11;14;18;20;21;23;25
08/07/2013;01;04;06;08;09;10;11;12;14;15;17;19;23;24;25
05/07/2013;02;03;05;06;09;11;13;14;16;17;20;21;22;23;25
03/07/2013;01;05;06;07;08;09;10;11;12;13;14;15;19;21;24
01/07/2013;01;03;04;06;07;09;12;13;14;15;16;22;23;24;25
28/06/2013;01;02;06;07;08;09;10;12;14;16;17;18;19;20;24
26/06/2013;01;03;04;05;06;07;10;12;14;15;19;20;22;24;25
24/06/2013;02;04;05;06;08;09;12;15;16;17;20;21;22;23;24
21/06/2013;01;02;03;04;07;09;12;15;16;17;18;19;21;24;25
19/06/2013;01;02;03;04;05;06;10;12;13;15;16;19;20;22;23
17/06/2013;01;02;03;04;05;07;09;10;11;13;14;17;19;21;22
14/06/2013;01;02;03;04;06;08;09;13;14;15;16;17;21;22;23
12/06/2013;01;02;03;04;05;06;11;13;14;17;19;20;21;22;24
10/06/2013;01;02;03;04;05;06;07;11;13;14;17;18;19;23;24
07/06/2013;01;02;04;05;06;08;10;11;13;18;20;22;23;24;25
05/06/2013;01;03;04;05;06;10;11;12;15;17;18;20;22;23;24
03/06/2013;03;04;05;06;10;12;13;15;17;18;19;20;22;24;25
31/05/2013;02;03;04;07;10;14;15;16;17;18;19;20;21;22;23
29/05/2013;01;02;03;05;06;08;11;13;15;17;21;22;23;24;25
27/05/2013;03;04;05;06;08;09;11;13;16;17;18;19;20;24;25
24/05/2013;01;02;03;05;06;07;08;10;11;12;13;18;20;21;22
22/05/2013;01;02;04;06;07;09;10;12;13;15;17;18;23;24;25
20/05/2013;02;03;04;05;07;08;10;13;14;15;16;20;21;22;23
17/05/2013;01;02;03;05;06;07;08;09;10;12;17;18;21;22;24
15/05/2013;01;04;06;08;10;11;12;13;14;16;17;20;21;22;23
13/05/2013;01;05;06;07;09;10;12;13;16;17;18;19;20;22;24
10/05/2013;01;02;03;04;05;06;08;10;11;13;15;16;18;20;22
08/05/2013;01;02;03;04;05;06;08;09;11;17;20;21;23;24;25
06/05/2013;01;02;04;06;07;10;12;13;14;16;18;22;23;24;25
03/05/2013;01;02;06;07;08;10;11;12;13;15;18;20;22;24;25
29/04/2013;01;04;07;09;10;12;14;15;16;17;18;20;21;23;25
26/04/2013;01;04;06;08;09;10;11;12;13;14;18;20;21;24;25
24/04/2013;01;02;05;07;08;09;10;11;13;14;16;17;18;21;23
22/04/2013;01;02;03;04;06;07;08;12;13;15;17;18;19;20;23
19/04/2013;02;03;04;05;06;08;11;12;13;16;17;18;19;21;25
17/04/2013;01;02;05;06;09;12;13;14;15;18;19;21;22;24;25
15/04/2013;01;02;03;04;05;06;08;09;11;15;16;20;22;23;24
12/04/2013;01;02;03;05;06;10;13;14;16;17;19;20;21;22;24
10/04/2013;01;05;06;07;08;12;14;15;16;17;19;21;23;24;25
08/04/2013;01;02;03;04;05;06;07;08;11;16;17;18;19;23;24
05/04/2013;02;04;05;06;07;09;11;12;13;16;18;19;21;22;25
03/04/2013;01;03;06;11;12;13;14;16;17;18;19;20;21;22;24
01/04/2013;01;06;08;10;11;12;15;17;18;19;20;21;23;24;25
30/03/2013;01;03;04;07;08;10;11;12;13;15;16;17;20;21;23
27/03/2013;02;05;07;08;09;11;12;15;16;17;18;19;22;23;24
25/03/2013;01;04;07;08;09;10;12;13;15;17;18;19;20;21;25
22/03/2013;03;05;06;07;08;09;10;12;16;17;18;19;21;22;25
20/03/2013;01;02;07;08;10;11;12;13;14;17;18;19;22;24;25
18/03/2013;01;03;04;05;06;07;08;09;15;16;19;20;21;22;23
15/03/2013;02;05;06;07;08;10;14;16;18;19;21;22;23;24;25
13/03/2013;02;03;04;07;09;10;12;13;15;16;18;21;22;24;25
11/03/2013;01;02;03;05;06;07;10;12;13;14;16;19;22;23;25
08/03/2013;03;07;08;09;10;11;13;14;15;16;18;19;21;23;25
06/03/2013;03;05;06;07;09;12;13;14;16;18;20;21;23;24;25
04/03/2013;02;04;06;08;09;10;12;13;15;18;21;22;23;24;25
01/03/2013;01;02;04;05;06;07;08;09;10;16;19;20;21;23;25
27/02/2013;02;03;06;07;08;09;11;12;13;14;15;17;18;22;25
25/02/2013;01;02;04;05;06;07;09;10;12;13;14;17;18;22;23
22/02/2013;02;04;06;08;09;10;12;13;14;15;17;19;22;23;24
20/02/2013;01;02;04;05;06;07;08;10;12;13;14;16;17;18;23
18/02/2013;01;03;06;09;10;11;12;14;18;20;21;22;23;24;25
15/02/2013;01;02;03;08;09;10;12;13;14;16;17;19;21;22;24
13/02/2013;02;03;04;05;06;07;08;10;12;13;14;15;21;22;25
08/02/2013;01;02;03;05;07;08;09;10;11;13;14;18;20;23;24
06/02/2013;01;03;04;05;06;07;10;13;18;19;20;21;22;23;25
04/02/2013;03;06;08;10;12;13;15;16;17;18;19;21;22;23;24
01/02/2013;01;03;04;07;08;13;15;16;17;18;19;22;23;24;25
30/01/2013;01;02;03;04;05;10;13;14;15;17;18;19;20;23;24
28/01/2013;01;02;03;04;06;07;09;10;11;14;15;17;19;22;23
25/01/2013;03;04;05;06;07;09;10;13;14;15;16;19;22;24;25
23/01/2013;01;02;03;04;05;06;09;10;11;13;14;17;18;19;20
21/01/2013;01;03;04;05;06;08;09;11;12;17;19;20;22;23;25
18/01/2013;01;03;04;06;08;11;13;14;15;16;18;19;20;21;24
16/01/2013;02;03;07;08;09;11;12;13;15;16;19;20;22;23;25
14/01/2013;01;03;04;08;09;10;11;13;14;15;17;18;23;24;25
11/01/2013;01;02;03;05;08;09;10;13;14;15;17;18;20;21;22
09/01/2013;02;03;05;06;08;09;11;12;17;18;19;20;21;22;23
07/01/2013;01;02;03;04;05;08;11;12;16;18;20;21;23;24;25
04/01/2013;01;04;05;06;07;10;13;14;15;17;18;19;20;22;24
02/01/2013;02;03;05;07;08;10;13;14;18;19;20;21;22;23;24
31/12/2012;01;04;05;10;12;13;14;15;16;17;18;20;23;24;25
28/12/2012;02;03;05;08;09;13;14;16;17;18;19;21;23;24;25
26/12/2012;01;03;05;06;07;09;10;11;13;14;17;18;20;21;25
24/12/2012;01;04;06;09;10;11;13;14;15;19;20;21;23;24;25
21/12/2012;02;04;06;07;11;12;14;16;18;19;21;22;23;24;25
19/12/2012;01;03;05;07;08;09;10;12;15;16;17;19;22;24;25
17/12/2012;03;04;07;08;11;12;13;15;16;17;19;20;21;22;24
14/12/2012;03;04;05;07;10;11;13;14;15;18;19;20;21;22;24
12/12/2012;01;03;05;06;08;10;12;13;14;15;16;17;20;21;24
10/12/2012;02;04;06;09;11;12;13;17;18;19;20;21;22;23;25
07/12/2012;02;03;04;06;07;08;13;14;16;17;19;21;22;24;25
05/12/2012;02;04;05;07;09;10;11;14;15;16;18;20;21;23;24
03/12/2012;01;03;07;08;10;11;12;13;14;15;16;18;20;22;24
30/11/2012;02;04;07;08;09;10;12;14;15;16;18;20;21;22;25
28/11/2012;01;02;04;06;08;12;14;15;16;17;18;19;21;24;25
26/11/2012;02;04;07;08;09;10;11;14;16;18;19;20;21;22;23
23/11/2012;02;05;06;07;10;11;12;13;16;17;18;19;20;22;25
21/11/2012;02;05;06;07;08;10;11;12;15;16;19;22;23;24;25
19/11/2012;01;02;03;05;09;10;11;12;14;16;17;18;20;21;22
16/11/2012;01;04;06;09;10;11;12;13;14;16;17;19;21;23;24
14/11/2012;02;05;07;08;09;11;13;14;16;17;18;22;23;24;25
12/11/2012;01;06;07;08;09;12;14;15;17;19;20;22;23;24;25
09/11/2012;01;02;04;05;07;09;10;12;13;14;16;17;21;22;24
07/11/2012;03;05;06;12;13;14;15;16;17;18;19;20;21;23;24
05/11/2012;01;06;07;08;09;10;11;13;14;15;17;19;22;23;25
03/11/2012;02;03;04;07;11;12;13;14;15;19;20;21;22;24;25
31/10/2012;01;02;04;05;09;11;12;13;14;16;19;20;22;24;25
29/10/2012;02;03;05;11;12;14;15;16;17;18;19;21;22;23;24
26/10/2012;03;04;05;07;09;10;11;12;14;16;17;21;23;24;25
24/10/2012;01;02;03;05;06;07;08;09;10;13;15;16;22;23;24
22/10/2012;03;04;05;06;07;08;09;10;11;12;18;19;20;21;22
19/10/2012;04;05;06;08;10;11;13;14;16;19;20;22;23;24;25
17/10/2012;01;02;03;04;05;08;10;11;12;17;18;20;23;24;25
15/10/2012;02;03;05;08;09;10;11;12;13;15;16;17;19;23;25
13/10/2012;06;07;08;10;11;14;15;17;18;20;21;22;23;24;25
10/10/2012;03;04;08;10;11;12;13;14;17;19;20;21;22;23;24
08/10/2012;01;03;04;05;06;07;08;10;12;16;19;21;23;24;25
05/10/2012;01;03;05;07;08;11;14;17;18;19;20;21;23;24;25
03/10/2012;01;02;03;04;05;06;07;09;10;12;14;17;19;20;22
01/10/2012;01;03;06;07;09;11;12;15;16;17;18;21;22;23;24
28/09/2012;01;02;04;05;07;09;13;16;18;19;21;22;23;24;25
26/09/2012;04;06;07;10;11;12;14;16;17;18;20;21;22;24;25
24/09/2012;02;03;04;05;07;08;10;11;13;18;19;21;22;24;25
21/09/2012;01;02;03;05;06;07;08;10;14;15;16;19;20;24;25
19/09/2012;01;02;04;06;07;09;11;13;14;16;17;20;22;24;25
17/09/2012;01;03;04;05;06;07;08;13;15;17;18;20;21;23;24
14/09/2012;01;04;05;12;14;15;16;17;18;19;20;21;23;24;25
12/09/2012;01;03;04;05;08;09;10;12;13;14;18;20;21;22;25
10/09/2012;01;03;04;05;06;07;10;12;15;17;18;19;21;23;25
06/09/2012;03;04;06;07;08;09;10;11;12;13;16;20;21;22;24
31/08/2012;03;04;06;08;11;13;14;15;16;19;21;22;23;24;25
29/08/2012;01;03;05;06;08;10;11;13;15;16;18;19;22;23;24
27/08/2012;02;03;05;06;07;08;11;15;17;18;19;20;21;24;25
24/08/2012;02;03;04;06;07;08;10;11;14;16;17;18;20;21;24
22/08/2012;01;02;03;04;06;07;08;09;10;12;14;16;21;22;24
20/08/2012;01;02;03;04;05;06;08;09;11;14;15;20;23;24;25
17/08/2012;02;04;05;07;09;11;12;14;16;17;18;20;21;23;25
15/08/2012;01;02;03;06;08;09;10;12;14;18;19;20;21;23;25
13/08/2012;01;02;03;05;06;07;08;10;11;13;14;21;22;23;25
10/08/2012;03;06;07;08;10;12;13;16;18;19;20;22;23;24;25
08/08/2012;02;03;04;08;10;11;12;14;15;16;18;19;21;22;24
06/08/2012;01;03;04;08;09;10;11;12;16;19;21;22;23;24;25
03/08/2012;01;04;05;08;09;10;11;12;13;14;16;17;19;20;23
01/08/2012;02;04;05;06;08;10;11;12;13;15;17;21;23;24;25
30/07/2012;01;02;04;06;07;10;11;12;13;15;16;17;19;21;23
27/07/2012;01;02;03;04;07;11;12;13;15;18;20;21;22;23;25
25/07/2012;01;02;05;06;07;08;11;13;15;16;19;20;21;22;24
23/07/2012;05;08;09;10;11;12;13;14;15;16;17;18;19;20;21
20/07/2012;01;02;04;08;09;10;11;14;15;16;17;19;20;22;25
18/07/2012;03;06;07;08;10;13;15;16;17;18;19;20;21;24;25
16/07/2012;04;05;08;09;11;12;13;14;16;17;19;20;21;22;23
13/07/2012;02;05;06;07;09;10;11;13;15;16;19;20;22;24;25
11/07/2012;02;03;06;09;11;12;13;14;15;16;20;21;23;24;25
09/07/2012;01;02;03;04;10;11;12;13;14;18;19;20;22;23;24
06/07/2012;02;03;06;07;08;09;10;12;13;14;16;17;18;19;20
04/07/2012;01;03;04;05;06;08;09;11;12;14;15;18;19;22;25
02/07/2012;02;05;06;07;08;10;11;13;15;17;18;20;22;24;25
29/06/2012;02;04;06;07;08;09;10;11;12;15;16;20;23;24;25
27/06/2012;02;04;05;06;07;08;09;10;14;16;17;20;22;23;25
25/06/2012;01;03;04;05;06;09;11;12;16;17;18;21;22;24;25
22/06/2012;03;04;05;07;10;11;13;15;16;17;19;20;22;23;25
20/06/2012;01;03;05;06;11;12;13;14;15;17;19;20;23;24;25
18/06/2012;01;03;04;05;07;08;10;11;12;15;17;19;22;23;24
15/06/2012;01;03;05;06;07;09;12;13;14;15;16;18;21;24;25
13/06/2012;01;02;03;07;08;09;10;12;13;14;18;20;23;24;25
11/06/2012;01;03;04;06;08;09;11;12;14;16;17;19;23;24;25
08/06/2012;01;02;03;04;06;07;13;14;16;17;18;21;22;24;25
06/06/2012;01;02;03;05;06;07;09;10;11;12;13;14;17;21;22
04/06/2012;01;04;05;06;10;11;12;13;14;15;16;19;20;22;24
01/06/2012;01;02;03;07;09;10;11;12;13;15;16;17;23;24;25
30/05/2012;02;05;07;08;09;10;15;16;17;18;19;20;23;24;25
28/05/2012;01;02;04;05;06;11;12;15;16;17;18;20;23;24;25
25/05/2012;01;03;04;08;09;10;11;13;14;15;17;18;20;21;23
23/05/2012;03;05;06;07;08;10;13;14;15;16;17;20;22;23;25
21/05/2012;01;02;03;05;07;08;10;11;12;13;14;16;17;24;25
18/05/2012;01;04;05;07;13;15;16;17;18;19;20;22;23;24;25
16/05/2012;01;03;04;05;06;07;08;11;13;14;17;20;21;22;25
14/05/2012;01;04;05;06;07;08;12;13;14;16;18;19;21;24;25
11/05/2012;03;05;06;08;09;12;13;14;16;17;19;20;21;22;23
09/05/2012;02;03;04;05;07;09;10;11;13;15;19;20;21;24;25
07/05/2012;01;02;03;04;06;07;08;11;13;14;15;18;19;22;24
04/05/2012;01;03;04;05;06;08;09;10;12;15;17;18;20;21;23
02/05/2012;01;02;03;04;06;07;10;12;13;15;16;17;20;23;24
30/04/2012;02;03;04;05;08;09;10;16;17;18;19;20;21;24;25
27/04/2012;01;03;06;07;08;09;11;12;13;16;17;20;22;24;25
25/04/2012;01;03;04;06;07;09;10;11;12;13;15;16;19;23;24
23/04/2012;01;02;03;06;09;10;11;12;14;15;17;21;22;23;24
20/04/2012;01;03;05;06;07;08;09;11;13;14;15;19;20;21;23
18/04/2012;02;03;05;07;10;11;12;13;14;16;17;18;21;24;25
16/04/2012;01;04;05;09;10;11;12;13;14;19;21;22;23;24;25
13/04/2012;02;03;04;08;09;10;11;14;17;20;21;22;23;24;25
11/04/2012;02;06;07;09;11;12;13;14;16;18;19;20;23;24;25
09/04/2012;02;03;04;05;06;07;08;10;12;14;16;17;18;22;25
07/04/2012;02;03;04;05;06;08;09;10;13;15;16;17;19;21;23
04/04/2012;05;06;08;10;11;12;13;14;17;19;20;21;22;24;25
02/04/2012;02;03;06;08;09;10;13;15;17;18;19;20;21;23;24
30/03/2012;01;04;05;06;07;08;11;12;14;16;18;19;20;22;24
28/03/2012;01;04;08;09;10;11;13;14;17;20;21;22;23;24;25
26/03/2012;03;04;06;07;08;11;12;14;15;17;18;19;21;22;24
23/03/2012;01;03;04;08;11;12;14;16;18;19;20;21;22;24;25
21/03/2012;01;02;03;04;06;07;09;10;12;14;15;17;22;23;25
19/03/2012;03;04;06;07;08;10;11;13;16;19;20;21;22;23;25
16/03/2012;03;04;06;07;08;09;11;16;18;20;21;22;23;24;25
14/03/2012;01;02;04;07;09;10;11;13;14;15;16;20;21;24;25
12/03/2012;01;05;06;07;09;10;12;13;15;16;17;18;21;24;25
09/03/2012;01;03;05;06;07;10;12;14;15;18;19;20;23;24;25
07/03/2012;02;03;04;05;07;08;09;10;11;12;14;15;18;20;24
05/03/2012;01;03;05;06;07;08;10;13;14;16;17;19;20;23;24
02/03/2012;01;02;03;04;05;07;08;09;10;11;12;14;15;19;21
01/03/2012;04;07;09;10;11;12;13;16;17;18;20;21;23;24;25
27/02/2012;02;07;08;09;10;11;13;15;16;18;19;22;23;24;25
24/02/2012;03;04;07;09;11;13;14;15;17;19;21;22;23;24;25
22/02/2012;01;02;03;05;07;08;09;11;14;16;18;20;21;23;25
17/02/2012;01;03;05;07;08;11;12;14;15;16;18;20;21;23;25
15/02/2012;01;03;05;08;10;11;13;14;15;18;20;22;23;24;25
13/02/2012;04;06;07;08;09;10;11;12;13;14;15;17;19;21;22
10/02/2012;02;03;04;05;06;11;13;14;15;19;21;22;23;24;25
08/02/2012;01;04;08;09;12;14;15;16;17;18;20;21;22;23;25
06/02/2012;01;02;04;05;06;07;10;12;13;15;16;18;21;22;24
02/02/2012;02;03;04;06;12;14;15;17;18;19;20;21;22;24;25
30/01/2012;01;03;06;07;08;11;12;14;15;16;18;19;20;22;23
26/01/2012;01;02;03;04;05;06;09;11;14;16;19;21;22;24;25
23/01/2012;03;04;06;07;08;11;12;14;15;16;17;20;21;24;25
19/01/2012;01;02;03;04;06;08;12;13;16;18;19;21;22;24;25
16/01/2012;03;04;06;07;08;09;11;12;14;15;16;20;21;22;25
12/01/2012;02;03;05;06;08;10;11;13;14;15;16;17;22;23;24
09/01/2012;02;05;08;10;11;14;15;17;18;20;21;22;23;24;25
05/01/2012;01;02;03;04;05;06;07;08;09;10;13;14;20;23;25
02/01/2012;03;04;08;10;12;13;14;16;17;19;20;21;22;23;25
29/12/2011;01;02;06;07;08;09;10;13;14;16;18;19;21;22;25
26/12/2011;02;03;04;06;08;09;10;15;16;18;19;21;22;23;25
22/12/2011;02;03;04;06;07;09;10;12;14;15;18;20;21;22;24
19/12/2011;01;02;03;07;08;11;14;15;16;18;19;22;23;24;25
15/12/2011;01;04;05;07;09;10;11;13;14;15;16;20;21;22;24
12/12/2011;02;03;04;05;11;13;14;17;18;19;20;21;22;24;25
08/12/2011;01;03;06;08;09;10;11;14;15;16;18;19;20;21;24
05/12/2011;01;02;03;04;06;07;09;10;11;14;16;17;19;21;22
01/12/2011;01;02;04;06;07;10;11;12;17;18;19;21;22;23;24
28/11/2011;01;02;03;06;07;08;09;11;13;17;18;19;20;22;23
24/11/2011;01;02;03;09;10;11;12;13;14;15;18;19;20;24;25
21/11/2011;02;03;04;05;06;07;08;11;12;13;15;17;22;23;24
17/11/2011;01;02;03;04;07;09;11;12;14;16;19;21;22;23;24
14/11/2011;01;02;03;04;06;09;12;13;15;18;19;20;23;24;25
10/11/2011;01;03;04;06;07;10;12;13;16;19;20;22;23;24;25
07/11/2011;01;03;04;09;12;13;15;17;19;20;21;22;23;24;25
03/11/2011;01;04;05;08;10;11;12;13;14;16;20;21;22;24;25
31/10/2011;01;02;04;05;06;07;08;09;10;11;12;13;15;23;24
27/10/2011;01;02;04;05;06;07;08;11;14;17;18;19;22;24;25
24/10/2011;02;03;04;06;07;08;10;11;12;14;15;16;18;19;23
20/10/2011;03;04;06;07;08;09;12;13;14;16;18;19;20;21;22
17/10/2011;02;07;08;10;11;12;13;14;15;17;18;19;20;21;22
13/10/2011;02;03;05;07;09;10;12;15;18;19;20;21;23;24;25
10/10/2011;01;02;05;06;07;08;10;11;12;13;15;16;19;23;25
06/10/2011;02;04;05;06;08;10;12;13;15;16;19;20;21;24;25
03/10/2011;02;03;04;05;07;10;11;13;14;15;16;17;22;23;24
29/09/2011;02;03;08;10;11;14;15;16;18;19;20;22;23;24;25
26/09/2011;02;04;05;07;08;09;10;11;12;13;14;15;17;19;20
22/09/2011;01;02;04;06;09;10;11;12;15;17;19;21;23;24;25
19/09/2011;04;05;07;08;09;10;11;12;13;14;18;19;20;22;24
15/09/2011;01;07;08;10;12;13;14;15;17;18;20;21;22;23;25
13/09/2011;02;04;05;06;12;13;15;16;17;18;19;22;23;24;25
08/09/2011;01;02;07;09;10;11;12;13;15;16;17;20;23;24;25
05/09/2011;03;04;05;06;08;10;13;15;17;18;19;20;21;24;25
01/09/2011;01;02;04;06;07;11;12;14;15;16;18;20;21;24;25
29/08/2011;02;03;06;07;12;13;14;15;17;18;20;21;22;24;25
25/08/2011;01;03;04;07;10;13;14;15;16;17;18;20;21;23;24
22/08/2011;02;04;05;06;07;09;11;13;16;17;19;21;22;23;24
18/08/2011;01;02;03;06;07;08;09;11;13;14;15;16;19;20;22
15/08/2011;01;03;06;07;10;11;12;15;17;18;19;20;22;23;24
11/08/2011;03;04;05;06;07;08;09;12;14;15;16;17;19;24;25
08/08/2011;01;03;04;05;06;08;09;10;11;12;15;19;20;23;24
04/08/2011;01;04;05;06;07;09;10;11;14;15;17;21;23;24;25
01/08/2011;02;03;04;05;06;08;10;12;13;15;17;19;23;24;25
28/07/2011;02;03;05;07;08;09;11;13;14;15;18;20;22;23;25
25/07/2011;02;05;07;08;10;11;13;14;15;19;20;21;23;24;25
21/07/2011;01;02;03;07;12;13;14;16;17;18;19;20;22;23;25
18/07/2011;01;02;03;07;08;12;13;14;16;17;19;20;21;22;23
14/07/2011;02;05;07;09;10;11;13;14;16;17;18;19;20;21;23
11/07/2011;01;04;05;06;08;10;13;14;15;17;18;19;20;24;25
07/07/2011;01;03;07;08;10;13;14;16;17;19;20;21;23;24;25
04/07/2011;01;02;04;05;06;08;09;10;11;14;15;17;21;22;24
30/06/2011;02;04;06;08;09;10;11;13;15;16;18;19;20;21;22
27/06/2011;04;06;07;08;09;11;13;14;17;18;19;20;22;23;25
24/06/2011;01;03;05;06;09;10;14;15;17;18;19;20;21;23;25
20/06/2011;04;05;08;09;10;11;13;16;18;19;20;21;22;23;25
16/06/2011;02;03;05;06;07;08;09;12;13;14;15;18;21;22;24
13/06/2011;01;02;04;07;08;09;10;13;16;17;19;21;22;23;24
09/06/2011;01;02;04;05;08;10;11;12;13;18;19;20;21;22;25
06/06/2011;02;03;06;07;08;09;11;13;16;18;19;20;21;22;24
02/06/2011;01;03;04;05;09;11;13;14;16;18;19;20;21;22;23
30/05/2011;01;02;04;05;06;08;09;10;12;16;19;20;21;22;24
26/05/2011;01;02;03;04;09;11;13;14;16;18;19;21;23;24;25
23/05/2011;02;04;06;07;09;13;16;17;18;19;20;21;22;23;25
19/05/2011;01;02;03;04;06;10;12;13;14;16;19;20;21;23;25
16/05/2011;01;04;05;06;07;08;09;11;12;13;18;19;20;22;24
12/05/2011;02;03;04;05;09;10;11;12;14;15;18;19;20;21;22
09/05/2011;02;03;06;07;08;09;10;12;18;20;21;22;23;24;25
05/05/2011;01;04;06;08;10;11;13;14;16;17;20;21;22;24;25
02/05/2011;02;03;05;07;08;09;10;13;14;16;17;18;19;20;21
28/04/2011;01;02;04;06;07;12;13;14;17;18;20;22;23;24;25
25/04/2011;01;02;04;05;06;07;09;12;14;15;17;19;21;22;25
20/04/2011;02;03;04;07;08;09;10;11;13;15;18;19;22;23;25
18/04/2011;01;02;03;04;06;10;12;14;15;17;21;22;23;24;25
14/04/2011;01;02;03;04;05;07;08;09;11;13;17;19;21;23;24
11/04/2011;01;02;03;06;08;10;11;13;14;15;16;17;22;23;24
07/04/2011;01;02;04;05;06;07;09;11;12;16;17;18;20;21;24
04/04/2011;01;02;03;04;05;08;09;10;11;12;15;20;22;23;25
31/03/2011;02;03;04;05;06;07;09;10;11;12;13;15;17;18;21
28/03/2011;01;02;03;05;06;08;09;10;12;15;16;20;22;24;25
24/03/2011;01;05;06;07;10;11;12;14;15;16;18;19;20;21;22
21/03/2011;01;03;04;07;08;09;13;14;17;18;19;20;21;23;25
17/03/2011;01;02;04;05;06;07;09;12;13;17;19;20;21;22;24
14/03/2011;01;02;03;04;05;07;10;14;15;16;19;21;22;24;25
10/03/2011;01;02;06;09;10;12;15;16;17;18;19;21;22;24;25
05/03/2011;01;02;04;07;08;11;12;17;19;20;21;22;23;24;25
03/03/2011;01;05;06;07;09;11;12;13;16;17;18;19;20;22;23
28/02/2011;02;05;06;07;10;11;12;13;14;16;17;20;22;23;25
24/02/2011;01;02;03;06;07;09;10;13;15;16;17;18;19;23;25
21/02/2011;02;03;04;05;06;08;09;13;14;16;18;19;20;21;23
17/02/2011;01;02;04;06;07;08;10;12;13;14;15;16;21;22;25
14/02/2011;01;02;04;07;09;10;11;12;14;15;16;19;20;23;25
10/02/2011;01;02;03;05;07;08;10;13;14;16;17;18;19;23;25
07/02/2011;03;05;07;09;12;15;16;17;18;19;20;21;22;24;25
03/02/2011;02;03;06;07;08;10;12;14;15;16;18;22;23;24;25
31/01/2011;02;03;04;05;07;10;11;13;14;16;17;18;21;23;25
27/01/2011;01;02;06;07;09;12;13;14;15;18;19;20;22;24;25
24/01/2011;02;04;05;06;08;10;12;13;15;16;19;20;21;22;23
20/01/2011;01;02;05;06;07;08;09;10;11;12;13;18;22;23;25
17/01/2011;01;03;05;06;07;09;10;11;12;13;14;16;19;20;25
13/01/2011;01;03;05;06;08;09;10;11;16;17;18;19;22;23;25
10/01/2011;02;04;05;06;07;09;12;13;16;18;20;21;22;23;24
06/01/2011;01;03;04;05;07;11;12;14;15;18;19;20;21;22;25
03/01/2011;01;02;03;05;08;09;10;11;14;16;17;18;22;24;25
30/12/2010;02;03;07;08;09;10;11;12;17;18;19;20;22;23;25
27/12/2010;01;05;06;07;08;09;10;11;12;15;17;19;21;24;25
23/12/2010;02;03;06;07;09;10;11;13;14;15;16;18;20;23;25
20/12/2010;01;03;04;05;06;09;10;11;13;14;15;20;23;24;25
16/12/2010;01;03;05;06;08;09;10;14;15;16;17;18;19;20;22
13/12/2010;01;02;04;07;08;10;11;14;15;16;17;19;20;21;23
09/12/2010;01;03;04;06;09;10;11;13;14;15;16;18;19;20;21
06/12/2010;02;03;04;06;08;09;10;12;13;20;21;22;23;24;25
02/12/2010;01;04;05;07;11;12;13;14;17;18;19;20;23;24;25
29/11/2010;01;04;05;07;09;10;11;12;13;17;18;19;20;21;23
25/11/2010;02;03;04;06;07;08;11;12;16;17;18;19;22;24;25
22/11/2010;01;05;07;08;09;10;13;14;15;16;17;18;20;23;24
18/11/2010;02;03;05;06;07;08;10;11;14;15;19;20;21;22;23
16/11/2010;01;03;04;07;08;09;11;14;16;17;18;19;21;23;24
11/11/2010;03;07;08;09;10;11;12;13;15;17;18;19;21;23;25
08/11/2010;02;04;06;09;11;12;13;14;15;17;18;19;21;23;25
04/11/2010;01;04;06;07;08;09;10;12;13;14;16;17;21;24;25
01/11/2010;01;03;05;06;07;08;10;12;13;14;17;19;20;21;24
28/10/2010;01;04;06;07;08;10;12;13;14;15;16;19;21;22;23
25/10/2010;01;02;03;04;05;08;10;12;15;16;18;19;21;22;23
21/10/2010;06;08;09;10;11;12;13;15;16;17;18;19;21;23;25
18/10/2010;03;05;08;09;10;12;13;15;16;17;18;19;21;22;24
14/10/2010;01;05;06;11;12;13;14;16;18;19;20;21;22;23;25
11/10/2010;01;02;03;07;10;11;12;14;16;18;20;22;23;24;25
07/10/2010;02;05;06;08;09;10;13;14;15;16;17;19;21;22;24
04/10/2010;03;04;05;06;07;11;12;15;16;18;19;20;21;24;25
30/09/2010;01;02;03;04;05;10;12;14;15;18;19;20;21;22;23
27/09/2010;01;02;06;07;08;12;13;16;17;18;19;20;22;24;25
23/09/2010;01;02;04;05;06;07;08;09;13;15;16;17;18;20;21
20/09/2010;01;02;05;07;08;09;10;12;13;14;15;17;21;24;25
16/09/2010;01;03;04;05;07;09;10;11;14;15;16;17;19;20;21
13/09/2010;01;04;06;07;09;10;12;15;17;18;19;20;21;23;24
09/09/2010;01;02;03;04;07;09;12;14;15;17;19;20;21;23;24
06/09/2010;01;03;04;05;06;07;09;11;12;16;19;20;22;23;24
02/09/2010;01;02;03;05;07;08;13;14;16;18;19;20;21;22;24
30/08/2010;02;03;04;06;07;09;10;11;12;13;15;17;18;20;21
26/08/2010;01;02;04;09;10;12;14;17;18;19;20;21;23;24;25
23/08/2010;01;02;05;07;09;10;11;13;14;16;19;20;21;22;23
19/08/2010;01;03;04;05;07;10;12;14;17;18;20;21;22;24;25
16/08/2010;01;05;07;08;09;10;12;14;15;17;18;19;20;21;23
12/08/2010;01;04;08;09;11;13;14;16;17;18;20;22;23;24;25
09/08/2010;01;02;06;07;08;09;10;12;14;16;17;18;20;23;24
05/08/2010;01;02;03;04;06;09;13;14;17;19;20;21;22;24;25
02/08/2010;04;05;07;08;09;10;12;13;14;15;17;18;21;23;24
29/07/2010;01;03;04;05;06;08;10;12;13;17;20;22;23;24;25
26/07/2010;03;07;08;10;12;13;14;16;17;18;19;20;21;22;24
22/07/2010;01;05;06;07;09;10;11;13;14;16;17;18;20;21;22
19/07/2010;03;04;07;09;10;11;13;14;15;16;17;20;21;22;23
15/07/2010;01;02;03;04;05;06;07;08;09;13;14;17;20;23;25
12/07/2010;01;02;04;05;06;09;10;12;14;16;17;19;20;24;25
08/07/2010;02;03;04;05;08;09;10;11;12;13;17;18;19;21;23
05/07/2010;01;03;05;06;07;11;12;13;14;15;17;18;23;24;25
01/07/2010;02;04;05;07;08;09;11;13;14;15;18;19;21;23;24
28/06/2010;01;05;07;08;10;11;13;14;15;16;17;20;22;24;25
24/06/2010;01;02;03;04;05;08;09;10;13;16;17;18;20;22;24
21/06/2010;03;04;05;06;09;10;13;14;15;17;19;20;22;24;25
17/06/2010;02;06;07;08;09;11;12;13;15;16;18;19;20;22;24
14/06/2010;01;02;04;05;06;08;09;12;13;14;15;16;19;21;23
10/06/2010;02;05;06;10;11;12;13;16;17;18;19;20;21;24;25
07/06/2010;01;02;04;06;09;10;11;14;15;17;18;20;22;23;24
04/06/2010;03;04;05;07;09;11;15;16;17;19;20;22;23;24;25
31/05/2010;01;04;05;06;09;11;13;15;16;17;19;21;23;24;25
27/05/2010;01;02;03;05;07;08;11;12;13;15;18;19;21;22;24
24/05/2010;01;02;03;08;09;10;11;13;14;16;17;18;20;24;25
20/05/2010;01;02;04;05;06;07;09;11;12;13;15;16;19;22;24
17/05/2010;01;02;03;07;10;12;13;14;15;16;17;21;22;23;25
13/05/2010;03;04;06;07;08;09;10;11;12;14;16;18;21;22;23
10/05/2010;02;03;05;06;07;11;12;16;17;18;19;20;22;23;25
06/05/2010;02;03;04;06;07;08;10;11;12;15;19;21;23;24;25
03/05/2010;01;02;05;06;09;11;12;14;15;16;17;19;22;23;24
29/04/2010;01;02;04;07;08;09;10;11;12;14;15;16;19;24;25
26/04/2010;03;04;06;09;10;11;13;15;16;17;18;20;21;22;25
22/04/2010;02;03;05;06;07;10;11;12;14;17;20;21;22;23;24
19/04/2010;02;04;05;08;09;10;11;12;13;16;17;18;19;24;25
15/04/2010;02;04;06;07;09;11;16;17;18;19;21;22;23;24;25
12/04/2010;01;02;03;04;05;06;09;10;11;12;13;17;19;20;23
08/04/2010;02;04;05;06;09;10;12;14;15;18;19;20;22;23;24
05/04/2010;02;03;07;09;11;12;13;15;16;17;19;21;23;24;25
01/04/2010;04;05;06;07;10;11;12;13;14;16;17;19;20;22;24
29/03/2010;01;03;04;05;06;07;08;09;11;12;13;17;21;22;23
25/03/2010;02;04;05;06;07;08;11;12;13;14;18;20;21;23;24
22/03/2010;02;03;05;07;09;10;11;12;13;14;17;18;20;24;25
18/03/2010;01;05;06;07;08;09;11;12;15;17;18;21;22;24;25
15/03/2010;01;02;03;06;09;10;11;13;15;17;18;20;22;23;25
12/03/2010;01;02;04;05;06;07;08;09;10;12;13;15;16;21;24
08/03/2010;01;02;05;07;10;11;12;13;14;17;18;19;21;24;25
04/03/2010;01;02;03;04;06;07;10;11;12;13;20;21;22;23;25
01/03/2010;01;03;05;06;09;11;12;15;16;17;19;20;22;24;25
25/02/2010;02;03;05;06;07;08;09;14;15;16;18;19;23;24;25
22/02/2010;01;02;03;05;06;08;09;10;11;12;20;21;23;24;25
18/02/2010;04;05;06;09;11;12;13;15;16;17;19;20;21;22;24
13/02/2010;03;04;06;07;09;11;15;16;17;18;19;20;21;22;24
11/02/2010;01;06;09;10;12;13;14;15;16;17;18;19;20;21;23
08/02/2010;01;02;03;04;05;07;11;12;14;15;17;20;21;24;25
04/02/2010;01;02;03;04;05;06;08;10;11;13;16;18;19;23;24
01/02/2010;01;02;03;04;06;09;12;15;17;18;19;21;23;24;25
28/01/2010;02;03;05;06;08;09;10;13;14;16;18;20;21;23;25
25/01/2010;01;02;03;04;07;10;11;12;15;17;19;20;21;24;25
21/01/2010;01;02;04;05;06;11;13;14;15;16;18;20;22;23;25
18/01/2010;01;02;03;04;05;08;09;11;12;14;16;17;19;23;25
14/01/2010;03;04;05;07;09;11;13;14;15;16;17;19;21;22;24
11/01/2010;01;03;04;06;07;08;09;11;13;15;17;19;22;24;25
07/01/2010;02;03;04;05;07;08;12;13;15;16;18;19;20;21;22
04/01/2010;01;04;05;07;08;10;12;13;14;15;17;18;21;22;25
31/12/2009;01;02;03;04;06;08;11;12;14;15;18;19;21;24;25
28/12/2009;01;02;03;07;09;11;12;13;16;20;21;22;23;24;25
24/12/2009;03;05;06;08;10;11;12;13;14;16;17;18;21;22;23
21/12/2009;01;02;05;07;10;11;12;14;17;18;19;21;22;23;25
17/12/2009;05;06;07;08;11;12;13;14;15;17;18;20;22;24;25
14/12/2009;04;05;06;07;08;09;10;14;15;17;18;19;21;22;24
10/12/2009;01;02;03;04;05;07;09;11;13;15;18;19;20;21;22
07/12/2009;02;03;04;05;06;07;11;16;17;18;20;21;22;24;25
03/12/2009;01;04;06;08;09;10;11;13;14;16;17;20;21;23;25
30/11/2009;01;04;05;06;07;09;11;12;14;17;18;21;22;23;24
26/11/2009;02;06;07;08;09;10;12;15;16;17;19;21;22;23;25
23/11/2009;01;03;05;07;09;10;12;13;14;15;17;20;21;22;24
19/11/2009;04;05;06;07;08;09;11;12;15;17;18;19;22;24;25
16/11/2009;02;03;05;08;11;13;14;15;16;18;19;22;23;24;25
12/11/2009;02;03;05;07;09;10;11;12;13;16;18;22;23;24;25
09/11/2009;02;04;06;07;08;10;11;12;14;16;18;20;23;24;25
05/11/2009;01;05;06;07;09;10;11;13;14;15;16;17;19;24;25
03/11/2009;02;03;04;05;06;09;10;11;13;14;17;20;21;23;25
29/10/2009;01;02;03;05;09;10;11;12;15;16;17;18;21;23;24
27/10/2009;01;02;05;06;07;08;09;11;12;15;17;19;22;23;25
22/10/2009;01;02;04;05;06;07;08;11;12;13;14;15;17;18;20
19/10/2009;02;03;04;06;09;10;11;12;13;14;15;16;20;24;25
15/10/2009;01;03;04;05;06;07;08;10;11;13;15;18;20;22;23
13/10/2009;01;02;05;06;07;08;10;11;13;14;18;19;22;23;25
08/10/2009;02;03;05;06;09;10;12;13;15;17;18;21;22;24;25
05/10/2009;02;04;05;06;07;10;13;14;15;17;18;21;22;24;25
01/10/2009;02;06;07;08;10;11;12;14;17;18;19;20;21;22;25
28/09/2009;01;02;03;04;06;07;09;10;11;13;18;19;21;22;25
24/09/2009;01;02;05;08;10;11;16;17;19;20;21;22;23;24;25
21/09/2009;02;03;06;07;09;11;13;14;17;18;19;20;22;23;25
17/09/2009;01;02;03;05;07;08;12;14;16;17;18;21;22;23;24
14/09/2009;03;04;05;06;07;08;11;12;13;14;15;17;19;23;24
10/09/2009;01;03;04;06;09;10;11;12;14;15;16;17;19;22;23
08/09/2009;01;02;03;04;07;10;11;12;14;15;17;19;20;21;23
03/09/2009;02;03;04;05;06;07;08;09;11;13;15;16;18;20;22
31/08/2009;01;04;05;11;13;14;15;16;18;19;20;21;22;23;25
27/08/2009;01;03;04;09;10;11;12;13;14;17;18;21;23;24;25
24/08/2009;01;03;04;05;06;07;08;11;12;14;18;19;21;23;25
20/08/2009;03;04;06;07;11;12;13;14;15;17;19;20;22;24;25
17/08/2009;01;02;03;04;06;09;11;14;15;17;19;20;21;24;25
13/08/2009;01;06;07;08;09;10;11;12;14;17;18;19;20;24;25
10/08/2009;01;03;05;06;08;09;14;15;17;18;19;22;23;24;25
06/08/2009;04;05;06;07;09;11;14;16;17;18;21;22;23;24;25
03/08/2009;01;02;03;04;08;09;10;11;16;17;18;19;22;24;25
30/07/2009;01;03;05;06;09;10;11;12;13;14;15;17;20;23;24
27/07/2009;01;02;05;08;10;12;16;17;18;19;20;21;22;24;25
23/07/2009;01;02;04;05;06;08;10;11;14;15;16;19;21;23;24
20/07/2009;01;02;04;07;09;10;11;12;13;15;16;18;19;20;21
16/07/2009;01;02;03;06;07;10;14;15;18;19;20;21;22;24;25
13/07/2009;01;02;03;05;07;10;11;12;16;17;18;19;21;22;23
09/07/2009;05;06;07;08;09;12;13;14;15;17;18;22;23;24;25
06/07/2009;01;02;03;04;07;08;09;10;11;13;14;20;23;24;25
02/07/2009;01;03;05;08;09;12;13;14;15;16;19;21;22;24;25
29/06/2009;02;03;05;09;10;11;12;14;15;17;19;21;23;24;25
25/06/2009;01;04;07;08;09;11;13;15;17;18;21;22;23;24;25
22/06/2009;01;02;04;05;06;08;10;11;12;16;17;19;20;21;23
18/06/2009;03;04;06;07;10;13;14;15;18;19;20;21;22;23;25
15/06/2009;01;03;04;05;10;11;13;14;15;16;17;18;21;24;25
12/06/2009;03;04;06;09;11;12;13;15;16;17;18;21;23;24;25
08/06/2009;01;02;03;05;07;08;09;14;15;19;21;22;23;24;25
04/06/2009;02;03;04;06;07;10;12;13;15;17;19;20;21;23;24
01/06/2009;01;02;03;05;09;11;12;13;15;18;20;21;22;23;24
28/05/2009;02;03;04;05;06;07;09;11;13;14;15;20;22;23;25
25/05/2009;02;03;04;05;06;07;08;12;13;14;16;17;19;23;25
21/05/2009;01;03;04;11;13;14;15;17;18;19;20;21;22;23;24
18/05/2009;01;03;04;05;06;07;09;10;11;12;16;19;21;22;24
14/05/2009;02;03;04;05;06;08;10;11;15;16;18;19;22;24;25
11/05/2009;01;07;09;10;11;12;13;15;16;18;19;20;22;23;24
07/05/2009;01;03;06;09;10;11;13;14;15;16;17;18;19;24;25
04/05/2009;01;02;03;05;11;13;15;16;17;18;20;22;23;24;25
30/04/2009;01;02;03;04;06;07;08;12;13;14;17;18;22;23;25
27/04/2009;03;04;05;08;09;10;12;13;14;15;16;19;20;23;25
23/04/2009;03;04;05;06;07;08;09;10;11;12;18;19;22;24;25
20/04/2009;03;04;05;06;07;14;15;16;17;18;20;21;22;23;24
16/04/2009;05;08;09;10;11;12;13;14;18;19;20;22;23;24;25
15/04/2009;01;02;03;08;09;11;12;13;14;15;16;17;19;21;23
09/04/2009;01;02;05;06;07;13;15;16;18;19;20;22;23;24;25
06/04/2009;01;03;07;10;11;13;14;15;17;18;19;20;21;22;23
02/04/2009;02;03;05;06;08;09;10;11;15;16;18;19;20;21;25
30/03/2009;02;03;05;06;08;09;10;12;13;14;16;17;20;21;25
26/03/2009;03;04;08;09;10;11;12;16;17;18;19;20;21;22;25
23/03/2009;01;05;07;09;11;12;14;16;17;18;20;21;22;24;25
19/03/2009;01;04;05;07;08;09;10;11;13;14;15;17;18;19;25
16/03/2009;01;02;04;06;07;08;10;14;16;17;20;21;23;24;25
12/03/2009;01;02;03;04;10;11;12;14;15;18;19;20;21;22;23
09/03/2009;02;04;06;07;08;09;11;12;14;15;16;17;20;22;25
05/03/2009;01;02;04;05;07;08;09;10;11;16;17;21;22;23;24
02/03/2009;04;05;06;07;08;11;12;13;14;16;18;19;22;24;25
26/02/2009;01;05;06;08;10;11;13;14;16;18;20;21;22;24;25
19/02/2009;02;04;06;07;08;09;11;12;13;14;15;19;21;24;25
16/02/2009;01;02;04;06;07;08;09;11;16;20;21;22;23;24;25
12/02/2009;01;02;03;05;06;07;08;10;14;16;17;21;23;24;25
09/02/2009;01;05;09;10;12;14;15;16;17;19;20;21;22;23;24
05/02/2009;01;04;07;09;10;11;12;14;16;17;19;21;22;23;24
02/02/2009;02;03;04;05;07;08;09;10;12;13;16;18;20;21;22
29/01/2009;01;02;03;04;05;06;08;09;10;13;14;15;20;22;25
26/01/2009;01;02;03;05;06;07;09;10;11;13;15;18;20;22;24
22/01/2009;01;02;04;06;08;09;11;13;14;15;17;21;22;23;25
19/01/2009;02;05;06;07;08;12;13;14;16;18;20;21;22;23;24
15/01/2009;01;03;04;06;07;08;10;11;17;18;20;21;22;23;25
12/01/2009;01;02;03;04;10;11;12;14;15;17;18;20;21;23;25
08/01/2009;01;03;04;06;08;09;12;13;15;16;18;21;22;23;25
05/01/2009;02;05;07;10;11;12;13;14;15;19;20;21;22;24;25
02/01/2009;02;03;04;05;06;09;10;12;13;17;18;19;23;24;25
29/12/2008;01;02;03;05;06;07;09;10;11;15;16;17;18;20;21
26/12/2008;02;03;04;08;09;10;11;12;14;15;19;20;21;22;23
22/12/2008;01;02;03;04;06;07;09;11;15;18;19;20;21;23;25
18/12/2008;01;02;04;05;06;08;12;13;15;18;20;22;23;24;25
15/12/2008;01;03;04;07;10;11;13;15;17;18;19;20;21;22;25
11/12/2008;03;05;06;07;09;11;12;14;15;16;18;22;23;24;25
08/12/2008;02;03;04;07;08;09;10;11;12;14;15;16;21;22;24
04/12/2008;01;03;04;06;07;09;10;12;13;15;17;19;21;22;25
01/12/2008;02;03;04;06;07;08;09;10;11;14;17;18;22;23;25
27/11/2008;03;04;05;07;10;11;12;13;14;16;17;18;21;22;25
24/11/2008;02;03;04;06;12;13;14;15;16;19;21;22;23;24;25
20/11/2008;01;02;03;04;07;08;09;11;12;13;15;17;19;20;22
17/11/2008;02;03;08;10;12;13;14;15;16;18;20;21;22;24;25
13/11/2008;01;02;05;07;10;11;12;13;14;16;17;18;19;20;25
10/11/2008;01;02;03;06;09;12;13;16;18;20;21;22;23;24;25
06/11/2008;02;04;06;09;11;12;13;14;15;17;19;20;21;22;23
03/11/2008;03;04;05;06;10;12;13;14;16;17;19;22;23;24;25
30/10/2008;01;02;03;05;06;07;08;09;10;13;14;15;16;22;25
27/10/2008;03;04;06;07;08;09;10;11;12;14;16;17;19;23;25
23/10/2008;01;03;05;06;07;09;11;12;14;15;20;21;22;23;24
20/10/2008;02;03;04;05;06;11;13;14;15;17;19;20;21;22;24
16/10/2008;01;02;04;07;08;09;12;13;15;17;18;20;21;22;24
13/10/2008;03;05;06;08;09;11;13;15;17;18;20;21;22;23;25
09/10/2008;03;04;05;08;10;11;12;15;16;18;19;20;23;24;25
06/10/2008;02;03;04;06;07;09;11;12;13;15;19;20;21;22;24
02/10/2008;02;03;04;06;08;09;11;13;15;16;17;20;21;22;23
29/09/2008;01;02;03;04;05;06;07;10;12;13;17;18;22;23;24
25/09/2008;01;04;07;09;10;12;13;14;15;16;17;19;20;23;24
22/09/2008;01;02;03;04;05;07;08;09;11;17;18;19;20;23;24
18/09/2008;04;07;08;10;11;12;13;16;17;18;19;21;22;24;25
15/09/2008;02;04;06;09;10;11;12;14;15;16;17;18;23;24;25
11/09/2008;01;02;05;06;08;09;10;11;13;14;17;19;21;23;25
08/09/2008;02;04;05;09;10;11;13;14;15;16;19;20;22;24;25
04/09/2008;02;04;06;07;08;09;10;11;12;13;15;18;19;23;25
01/09/2008;01;02;04;07;08;09;10;12;16;17;18;19;21;22;23
28/08/2008;02;03;07;08;09;11;12;13;17;18;19;20;21;22;23
25/08/2008;01;02;03;04;06;09;12;13;15;17;18;19;20;22;24
21/08/2008;01;02;03;05;07;10;11;12;14;16;17;18;19;23;24
18/08/2008;01;02;03;04;06;07;08;09;12;13;14;15;22;23;25
14/08/2008;01;02;05;07;08;12;14;16;17;18;19;20;22;24;25
11/08/2008;01;02;05;07;08;12;14;17;18;19;20;21;22;24;25
07/08/2008;03;05;07;08;09;10;11;12;14;15;18;19;20;24;25
04/08/2008;01;02;03;05;06;08;10;12;14;15;17;18;21;23;24
31/07/2008;02;07;09;11;12;14;15;16;18;19;20;21;23;24;25
28/07/2008;03;04;05;06;09;10;11;12;13;15;16;20;21;24;25
24/07/2008;03;05;06;08;11;12;13;14;15;16;18;19;20;22;25
21/07/2008;01;03;04;08;11;12;13;15;16;19;20;21;22;23;25
17/07/2008;01;05;07;09;11;12;13;16;18;19;20;21;22;24;25
14/07/2008;02;03;04;05;06;08;09;10;11;14;19;20;21;22;25
10/07/2008;01;02;05;08;10;13;15;16;18;19;20;21;22;23;24
07/07/2008;03;04;05;06;07;09;12;14;15;16;17;19;20;21;25
03/07/2008;01;03;04;05;07;08;09;10;11;12;16;18;19;22;23
30/06/2008;01;02;03;05;06;08;10;11;14;15;16;17;19;22;25
26/06/2008;01;03;04;06;07;08;09;11;12;14;16;17;19;20;21
23/06/2008;01;02;06;07;08;11;13;15;16;17;18;21;22;23;25
19/06/2008;01;02;05;06;09;11;12;13;14;15;16;18;21;23;25
16/06/2008;02;03;05;06;07;10;11;12;14;19;20;21;23;24;25
12/06/2008;01;03;05;06;07;12;13;15;16;18;19;21;22;23;25
09/06/2008;01;02;05;06;09;12;14;15;17;18;19;22;23;24;25
05/06/2008;01;02;03;04;08;09;13;14;17;18;20;21;23;24;25
02/06/2008;02;03;04;05;11;12;13;15;18;19;21;22;23;24;25
29/05/2008;01;02;03;04;08;12;13;14;15;16;17;18;19;21;23
26/05/2008;01;02;04;06;07;08;10;11;12;13;15;17;18;24;25
23/05/2008;01;02;04;05;06;07;10;14;15;19;20;22;23;24;25
19/05/2008;01;02;03;04;06;07;08;09;10;12;16;20;21;23;24
15/05/2008;01;02;03;04;06;07;09;10;14;17;19;20;21;23;25
12/05/2008;01;02;03;05;07;12;13;15;16;17;18;20;21;23;24
08/05/2008;02;03;04;09;10;11;12;13;14;16;17;18;20;24;25
05/05/2008;01;03;06;09;11;12;14;15;17;18;19;21;22;23;25
02/05/2008;01;03;04;06;08;09;10;12;14;16;17;19;20;23;24
28/04/2008;03;04;05;06;09;11;12;13;14;15;16;18;21;23;25
24/04/2008;01;02;04;05;08;09;11;14;16;18;19;21;22;24;25
22/04/2008;01;03;04;06;07;08;10;12;13;14;15;18;19;23;24
17/04/2008;02;03;05;06;08;11;13;14;16;17;19;20;21;23;24
14/04/2008;01;02;05;06;08;09;11;12;13;14;15;19;20;21;22
10/04/2008;02;03;06;07;09;10;12;14;15;16;17;18;19;23;25
07/04/2008;01;02;06;08;09;10;11;12;13;16;17;18;19;22;25
03/04/2008;02;04;05;07;10;12;14;15;16;17;19;20;23;24;25
31/03/2008;02;03;05;09;10;11;14;15;16;17;18;19;21;23;24
27/03/2008;01;02;03;04;08;09;10;13;14;16;17;20;21;22;24
24/03/2008;01;02;04;05;12;13;15;16;18;19;21;22;23;24;25
20/03/2008;01;03;04;06;09;10;12;14;15;17;19;20;21;23;24
17/03/2008;01;02;04;05;08;11;12;13;14;15;16;18;19;20;25
13/03/2008;02;03;04;05;08;10;11;12;13;18;20;21;22;24;25
10/03/2008;01;03;04;05;12;14;15;16;17;18;19;20;21;22;25
06/03/2008;02;03;04;06;08;12;15;16;17;18;20;21;22;23;24
03/03/2008;02;04;05;06;09;10;11;12;14;15;16;18;20;22;25
28/02/2008;02;03;08;09;11;12;13;14;15;17;18;19;20;22;23
25/02/2008;03;04;07;08;09;11;12;15;17;19;20;21;22;23;25
21/02/2008;03;05;06;07;08;10;13;17;18;19;20;21;22;23;24
18/02/2008;01;03;04;06;07;08;11;12;13;14;15;16;21;22;24
14/02/2008;01;04;07;08;09;10;12;14;15;16;21;22;23;24;25
11/02/2008;02;03;06;07;08;11;12;14;15;16;17;18;19;22;25
07/02/2008;02;03;04;06;10;13;15;16;17;18;19;21;23;24;25
31/01/2008;01;02;03;04;05;07;08;11;12;15;16;20;23;24;25
28/01/2008;01;02;03;06;09;12;13;14;15;18;19;22;23;24;25
24/01/2008;02;03;05;07;08;09;11;12;13;16;17;21;22;24;25
21/01/2008;01;02;05;07;08;10;11;12;13;14;15;17;20;23;24
17/01/2008;01;02;05;06;07;09;11;12;13;14;17;20;21;22;23
14/01/2008;01;02;03;04;06;08;09;10;12;14;15;17;19;22;24
10/01/2008;01;02;03;04;06;09;10;12;13;14;15;18;19;24;25
07/01/2008;02;05;06;07;10;12;13;15;16;17;18;21;22;23;25
03/01/2008;01;02;03;04;07;09;10;11;12;13;19;21;23;24;25
29/12/2007;01;04;05;08;09;10;11;12;13;14;15;16;19;22;23
27/12/2007;01;03;05;06;07;11;12;13;15;17;19;21;22;23;25
22/12/2007;01;02;04;06;08;09;10;11;12;13;19;20;22;23;24
20/12/2007;02;03;04;07;08;11;12;13;15;16;19;20;21;22;25
17/12/2007;01;02;03;04;08;09;10;11;12;14;15;17;19;23;25
13/12/2007;03;04;05;06;09;10;11;13;15;16;17;19;20;24;25
10/12/2007;01;02;03;05;06;09;10;11;12;13;17;18;19;22;23
06/12/2007;01;02;03;05;06;09;11;12;13;15;17;19;21;23;25
03/12/2007;02;04;09;10;11;12;13;14;16;17;21;22;23;24;25
29/11/2007;02;03;04;05;07;10;11;12;13;17;18;19;20;22;25
26/11/2007;01;03;05;06;08;09;10;11;12;14;15;17;18;20;22
22/11/2007;02;04;05;06;07;10;11;12;14;15;17;20;21;23;25
19/11/2007;01;05;06;07;10;12;15;16;17;18;19;20;21;24;25
16/11/2007;01;02;04;05;08;09;11;12;13;15;17;20;23;24;25
12/11/2007;01;02;04;05;06;08;11;12;16;18;19;20;21;24;25
08/11/2007;01;03;04;05;06;07;08;09;14;16;18;19;23;24;25
05/11/2007;01;02;04;06;10;13;14;15;16;17;18;19;22;23;24
01/11/2007;05;06;07;08;09;10;12;14;15;16;18;19;20;23;25
29/10/2007;02;03;04;05;06;09;11;12;13;14;15;17;21;23;24
25/10/2007;01;03;04;05;06;07;09;11;14;15;18;19;21;22;24
22/10/2007;01;05;07;08;11;12;13;15;16;17;18;19;20;22;24
18/10/2007;01;03;04;06;08;09;12;13;16;19;20;21;22;23;25
15/10/2007;01;04;07;08;09;10;11;14;15;16;18;19;21;23;24
11/10/2007;03;04;06;07;08;09;12;13;14;15;17;20;21;23;24
08/10/2007;01;02;04;05;06;07;11;13;15;16;17;19;20;21;25
04/10/2007;01;03;04;05;06;07;08;09;11;13;14;18;19;20;24
01/10/2007;03;05;06;07;08;09;10;15;18;19;20;21;22;24;25
27/09/2007;02;04;05;06;09;12;13;14;17;19;20;21;22;24;25
24/09/2007;01;03;06;07;09;10;12;13;14;16;17;18;19;22;24
20/09/2007;01;02;06;07;08;09;10;12;13;15;16;18;20;22;24
17/09/2007;01;02;03;04;06;09;10;14;15;16;17;21;22;23;24
13/09/2007;02;03;04;05;06;07;08;09;11;13;14;15;16;20;23
10/09/2007;01;04;05;06;07;08;11;12;13;15;18;19;21;22;23
06/09/2007;02;03;04;06;08;11;14;15;17;18;19;22;23;24;25
03/09/2007;03;04;05;06;09;10;13;15;16;18;19;21;22;23;25
30/08/2007;01;02;03;05;09;10;12;13;15;16;17;18;19;21;23
27/08/2007;04;05;07;08;09;10;12;14;15;17;18;21;22;23;25
23/08/2007;01;02;05;08;09;10;11;12;13;15;16;19;20;21;25
20/08/2007;01;02;03;04;07;08;09;14;15;16;17;19;22;23;25
16/08/2007;01;04;05;07;08;09;10;12;13;15;17;18;21;24;25
13/08/2007;01;02;06;07;09;10;11;12;14;15;16;18;19;24;25
09/08/2007;03;05;06;07;09;10;11;12;14;15;18;20;21;22;24
06/08/2007;01;02;03;04;05;07;12;13;16;17;18;20;21;23;25
02/08/2007;02;05;06;08;09;13;14;15;16;17;18;19;21;22;23
30/07/2007;03;04;05;08;09;12;13;14;15;17;20;21;23;24;25
26/07/2007;01;02;04;09;10;11;13;14;15;16;18;19;21;22;23
23/07/2007;01;03;05;06;07;09;10;13;14;15;16;19;22;23;25
19/07/2007;01;03;04;06;11;12;13;14;15;17;19;20;21;23;24
16/07/2007;04;05;06;07;09;12;13;15;16;18;19;20;21;22;23
12/07/2007;01;03;04;05;07;08;09;12;13;15;16;21;22;23;25
09/07/2007;01;08;10;12;13;14;15;16;17;18;19;21;23;24;25
05/07/2007;01;02;03;04;05;09;11;12;13;14;15;17;21;22;24
02/07/2007;01;02;03;04;05;06;07;08;09;12;13;14;17;19;21
28/06/2007;04;05;06;09;11;12;13;14;16;17;18;21;23;24;25
25/06/2007;01;02;05;06;07;10;12;15;16;17;18;19;21;24;25
21/06/2007;01;02;03;04;05;06;08;10;11;13;14;15;17;22;24
18/06/2007;02;06;08;09;10;11;12;13;14;15;16;17;20;23;25
14/06/2007;02;04;10;11;12;13;14;15;16;17;18;19;20;24;25
11/06/2007;01;05;07;08;09;10;12;14;15;17;18;19;20;21;22
08/06/2007;04;05;08;10;11;13;14;15;16;17;18;19;20;21;25
04/06/2007;01;02;03;05;07;08;13;14;15;18;19;20;22;23;25
31/05/2007;04;06;08;09;10;11;12;13;15;18;19;20;21;23;24
28/05/2007;02;04;07;09;10;11;12;13;14;16;20;21;22;23;24
24/05/2007;01;03;04;05;06;07;08;09;12;15;18;21;22;23;24
21/05/2007;01;02;03;06;07;08;10;12;16;17;19;20;21;23;25
17/05/2007;05;09;10;12;13;14;15;16;17;18;20;21;23;24;25
14/05/2007;02;03;06;08;09;11;14;16;17;18;19;22;23;24;25
10/05/2007;02;05;07;08;11;12;13;14;15;16;17;20;21;22;25
07/05/2007;02;03;04;05;06;07;09;10;11;12;16;17;19;21;25
03/05/2007;02;03;04;05;06;07;09;10;11;13;17;19;21;24;25
30/04/2007;01;03;04;05;07;09;11;12;14;15;17;18;19;23;25
26/04/2007;01;02;03;04;09;11;13;14;15;18;19;20;22;24;25
23/04/2007;01;03;04;05;08;09;10;11;16;18;19;21;23;24;25
19/04/2007;01;03;04;06;08;09;10;11;12;14;16;19;20;22;23
16/04/2007;01;02;04;06;08;10;11;12;14;16;17;18;22;24;25
12/04/2007;03;05;07;09;10;11;13;14;15;16;18;21;22;23;24
09/04/2007;01;03;05;06;07;09;10;14;15;18;19;21;22;24;25
05/04/2007;01;03;04;06;07;09;10;11;12;14;15;16;19;23;24
02/04/2007;01;02;03;04;06;09;10;12;13;14;15;17;19;20;22
29/03/2007;02;03;05;08;09;11;12;13;14;15;16;17;20;21;22
26/03/2007;02;03;04;09;10;11;12;14;15;16;17;18;21;22;25
22/03/2007;02;03;04;05;07;08;11;14;15;16;17;22;23;24;25
19/03/2007;01;02;03;04;05;06;07;12;13;14;17;18;23;24;25
15/03/2007;01;03;05;10;11;13;14;16;17;18;19;21;22;23;24
12/03/2007;01;02;04;05;08;09;10;11;12;13;14;15;19;20;22
08/03/2007;01;02;04;05;08;09;11;12;13;14;15;16;21;23;24
05/03/2007;01;02;03;04;05;06;09;11;12;15;19;20;21;22;23
01/03/2007;01;02;04;05;06;07;13;14;15;16;17;18;20;21;25
26/02/2007;03;04;05;06;07;08;09;10;12;13;18;20;21;22;23
22/02/2007;02;03;04;05;10;14;15;16;17;19;20;22;23;24;25
15/02/2007;02;03;04;06;07;08;09;11;12;14;17;18;19;22;23
12/02/2007;02;07;08;09;10;12;13;14;15;17;18;21;22;23;25
08/02/2007;01;02;03;04;05;08;09;10;14;15;16;19;20;21;25
05/02/2007;01;02;03;04;05;06;11;13;14;15;16;21;22;23;24
01/02/2007;02;05;08;09;10;12;13;15;17;18;19;20;21;22;23
29/01/2007;01;03;04;05;07;08;11;13;14;15;16;18;19;23;24
25/01/2007;01;02;04;05;06;07;09;13;16;18;19;20;22;23;24
22/01/2007;02;03;05;08;10;11;13;16;19;20;21;22;23;24;25
18/01/2007;01;03;11;12;13;15;16;17;18;19;21;22;23;24;25
15/01/2007;02;04;05;06;11;12;13;16;17;18;19;22;23;24;25
11/01/2007;01;02;04;06;07;08;09;11;12;15;17;19;20;23;25
08/01/2007;01;03;07;08;09;10;11;15;16;17;18;19;21;23;25
04/01/2007;02;04;06;07;08;11;13;14;16;19;20;21;23;24;25
02/01/2007;02;03;04;07;08;09;11;13;14;17;19;21;22;23;25
28/12/2006;01;04;05;06;07;08;14;15;16;17;19;20;21;22;23
26/12/2006;01;02;03;04;05;06;07;08;10;11;15;17;20;24;25
21/12/2006;02;03;04;05;07;09;13;14;15;17;19;22;23;24;25
18/12/2006;02;03;04;06;08;09;10;14;16;19;20;21;23;24;25
14/12/2006;02;06;07;08;10;11;13;15;16;17;19;20;21;23;24
11/12/2006;02;04;10;11;12;13;15;16;17;18;21;22;23;24;25
07/12/2006;02;03;05;06;07;11;12;13;14;15;16;18;19;21;24
04/12/2006;01;02;04;07;09;10;11;12;13;15;17;20;23;24;25
30/11/2006;02;03;04;05;07;08;11;15;19;20;21;22;23;24;25
27/11/2006;01;02;04;06;07;09;10;11;12;13;18;20;21;22;25
23/11/2006;01;03;04;10;11;12;13;15;16;17;21;22;23;24;25
21/11/2006;01;03;04;05;06;07;08;10;13;16;18;20;22;23;25
16/11/2006;01;04;05;06;07;08;09;10;11;12;15;16;20;21;24
13/11/2006;01;02;03;04;07;10;12;15;16;17;19;20;22;23;24
09/11/2006;01;02;03;06;08;09;10;13;14;16;18;19;22;23;24
06/11/2006;02;03;04;08;09;10;13;14;15;18;19;20;21;22;23
03/11/2006;01;02;04;06;08;09;12;13;14;15;17;18;19;22;25
30/10/2006;01;02;03;05;06;08;10;11;14;15;18;21;22;23;24
26/10/2006;01;02;03;05;06;07;09;13;14;15;20;21;23;24;25
23/10/2006;01;02;03;04;05;06;08;11;12;13;16;18;20;23;24
19/10/2006;01;05;08;11;13;15;16;17;18;20;21;22;23;24;25
16/10/2006;01;03;04;09;10;11;12;14;15;16;17;19;20;21;24
09/10/2006;01;02;03;04;05;06;08;10;11;14;15;17;20;24;25
02/10/2006;02;07;08;09;10;11;12;15;16;17;18;19;20;22;23
25/09/2006;01;02;04;06;07;09;10;12;14;16;18;19;21;24;25
18/09/2006;01;03;04;08;09;10;11;12;13;14;15;19;20;22;23
11/09/2006;02;04;05;08;10;11;14;15;16;18;19;20;21;22;24
04/09/2006;01;02;03;05;06;09;10;11;13;14;15;16;18;23;24
28/08/2006;01;02;04;05;08;11;12;13;17;18;20;21;23;24;25
21/08/2006;03;04;05;06;07;08;13;15;17;19;20;22;23;24;25
14/08/2006;03;04;05;07;09;10;11;12;13;14;16;18;20;23;24
07/08/2006;01;03;05;06;07;08;09;11;14;19;21;22;23;24;25
01/08/2006;02;05;07;09;10;13;15;16;17;18;19;20;23;24;25
24/07/2006;01;02;04;05;08;09;12;13;16;17;20;21;22;24;25
17/07/2006;01;02;04;05;06;10;11;12;13;16;19;21;22;23;25
10/07/2006;01;02;05;08;10;11;12;13;14;16;17;22;23;24;25
03/07/2006;01;02;03;09;10;11;13;14;15;17;18;20;22;24;25
26/06/2006;01;02;04;07;09;11;12;14;17;19;20;21;22;24;25
19/06/2006;01;02;08;09;11;13;15;16;17;19;21;22;23;24;25
12/06/2006;01;02;04;05;06;07;09;15;16;17;18;19;22;23;24
05/06/2006;01;03;07;08;09;10;12;13;16;17;18;19;20;24;25
29/05/2006;01;02;03;06;09;10;12;13;15;18;19;20;22;24;25
22/05/2006;01;02;07;09;12;14;15;16;17;18;19;21;22;23;24
15/05/2006;02;03;04;05;07;08;11;13;15;16;17;21;22;24;25
08/05/2006;02;06;08;09;10;11;12;13;16;17;18;19;20;21;25
02/05/2006;01;02;03;05;06;09;12;13;14;15;17;21;22;23;24
24/04/2006;01;02;05;07;08;10;13;14;15;18;19;20;21;22;25
17/04/2006;01;03;05;07;08;10;11;12;13;14;16;17;19;22;25
10/04/2006;01;03;04;05;08;09;11;13;15;18;19;20;21;22;23
03/04/2006;01;03;04;05;07;09;10;11;14;15;16;17;22;23;25
27/03/2006;02;04;05;06;07;08;11;12;13;15;19;20;22;23;25
20/03/2006;02;03;04;05;06;09;10;12;13;15;17;19;23;24;25
13/03/2006;02;05;06;07;09;11;13;15;18;19;20;21;22;23;25
06/03/2006;02;03;04;06;11;13;14;15;16;17;19;20;21;23;25
01/03/2006;01;02;03;04;05;07;10;11;12;13;18;19;22;23;25
20/02/2006;01;02;03;04;06;07;08;13;14;16;18;21;22;24;25
13/02/2006;02;03;04;06;07;09;10;11;12;15;16;21;22;24;25
06/02/2006;02;03;04;06;07;09;14;15;16;18;19;20;21;24;25
30/01/2006;04;05;06;07;11;12;13;17;18;19;20;21;22;23;24
23/01/2006;01;02;04;05;08;09;10;13;15;17;18;20;22;23;25
16/01/2006;01;02;04;05;07;09;10;11;12;16;17;18;23;24;25
09/01/2006;01;03;05;07;08;11;12;13;15;16;18;19;20;21;24
02/01/2006;01;04;06;08;09;10;11;15;17;18;20;21;22;23;24
27/12/2005;02;04;05;06;08;12;13;14;15;18;19;21;22;23;24
19/12/2005;05;06;07;09;10;11;12;13;14;15;17;18;20;23;25
12/12/2005;01;02;09;10;11;12;13;14;16;18;19;20;21;23;25
05/12/2005;01;04;05;06;07;09;11;12;13;16;17;18;20;21;25
28/11/2005;01;02;03;06;07;08;09;10;11;14;20;21;22;24;25
21/11/2005;01;02;04;05;06;08;11;12;13;14;19;20;21;24;25
14/11/2005;01;02;03;04;06;10;11;14;15;17;18;19;20;21;23
07/11/2005;01;05;06;10;11;12;13;15;17;18;19;21;22;24;25
31/10/2005;01;03;04;05;06;12;13;14;17;19;20;21;22;23;25
24/10/2005;01;03;05;07;09;11;12;13;16;18;20;21;23;24;25
17/10/2005;01;02;04;07;08;09;11;12;14;15;16;18;22;23;25
10/10/2005;01;03;04;06;07;08;09;11;12;15;17;18;21;24;25
03/10/2005;01;02;03;04;05;06;10;12;13;14;15;17;22;23;25
26/09/2005;04;06;07;08;09;10;11;12;13;15;17;19;21;22;25
19/09/2005;05;06;07;10;11;13;14;15;16;18;19;21;22;24;25
12/09/2005;01;02;03;04;05;07;08;10;11;16;17;18;22;23;25
05/09/2005;01;02;03;04;07;09;10;11;12;18;19;21;22;23;25
29/08/2005;01;03;06;07;09;10;13;14;16;17;19;20;21;23;24
22/08/2005;01;03;04;08;09;10;11;12;13;14;16;17;22;23;25
15/08/2005;01;02;03;04;07;10;11;13;14;16;17;20;21;24;25
08/08/2005;01;02;05;06;08;10;11;15;17;18;20;22;23;24;25
02/08/2005;03;04;06;10;12;13;14;15;17;19;20;22;23;24;25
25/07/2005;03;04;06;09;10;12;14;16;17;18;19;21;22;23;24
18/07/2005;01;02;03;04;05;10;11;12;14;15;17;18;19;20;22
11/07/2005;02;04;08;09;11;12;13;15;16;17;18;21;22;23;24
04/07/2005;02;04;05;06;07;09;10;13;17;18;19;20;21;23;24
27/06/2005;01;02;04;06;08;12;13;14;15;17;18;19;21;22;24
20/06/2005;01;04;09;10;11;12;13;14;15;16;17;20;22;23;25
13/06/2005;01;02;03;08;10;11;12;15;17;20;21;22;23;24;25
06/06/2005;01;06;11;12;13;15;16;17;19;20;21;22;23;24;25
30/05/2005;01;02;04;05;08;09;10;11;12;14;17;18;19;24;25
23/05/2005;01;02;03;05;08;09;10;11;13;15;18;20;22;24;25
16/05/2005;02;04;05;06;08;09;12;13;14;17;18;19;23;24;25
09/05/2005;01;02;05;07;08;09;11;13;14;15;16;18;21;22;23
02/05/2005;01;02;04;06;08;12;15;16;17;19;20;22;23;24;25
25/04/2005;01;02;03;05;06;08;10;11;12;13;14;20;23;24;25
18/04/2005;01;04;05;06;08;09;12;13;15;17;18;19;20;22;23
11/04/2005;01;02;03;04;05;06;07;10;11;13;15;16;17;19;21
04/04/2005;01;02;03;04;05;07;09;10;14;15;17;18;20;22;25
28/03/2005;01;02;03;05;09;12;14;15;17;18;20;22;23;24;25
21/03/2005;01;02;03;05;06;07;08;12;13;15;16;17;18;20;23
14/03/2005;02;03;04;06;08;09;11;14;17;18;20;21;22;24;25
07/03/2005;01;03;05;08;09;10;12;13;15;16;17;19;21;23;25
28/02/2005;01;03;04;05;06;07;08;10;11;13;15;16;17;20;25
21/02/2005;01;02;03;04;05;06;08;11;13;15;16;18;22;23;25
14/02/2005;01;02;05;07;10;11;13;14;15;16;17;18;19;21;25
09/02/2005;01;02;05;07;08;11;12;13;15;16;17;18;23;24;25
31/01/2005;01;03;05;06;08;09;11;13;14;15;16;18;21;22;23
24/01/2005;01;02;03;05;06;09;10;12;14;15;16;19;20;24;25
17/01/2005;01;04;07;08;09;10;11;15;17;18;19;20;21;23;24
10/01/2005;01;02;03;05;06;07;08;09;10;12;16;17;22;23;25
03/01/2005;05;07;08;09;10;11;12;13;15;16;20;21;22;23;24
27/12/2004;01;02;04;08;10;11;14;15;16;17;20;21;22;23;24
20/12/2004;01;02;04;07;10;15;16;17;18;19;20;21;22;23;25
13/12/2004;01;02;03;06;07;08;09;10;13;14;17;18;20;23;25
06/12/2004;04;08;09;10;11;12;13;16;17;19;20;21;22;24;25
29/11/2004;01;03;07;08;09;11;13;14;15;16;17;18;20;24;25
22/11/2004;01;04;05;09;11;12;13;14;15;16;19;20;22;23;25
16/11/2004;01;02;03;04;05;08;11;16;17;18;19;22;23;24;25
08/11/2004;01;03;05;06;07;08;10;11;13;14;15;19;20;23;25
01/11/2004;03;04;05;06;11;12;13;14;15;16;17;18;19;20;22
25/10/2004;01;02;03;04;06;07;08;11;12;17;19;20;21;22;25
18/10/2004;01;02;05;09;12;13;14;15;16;17;19;20;22;23;24
11/10/2004;02;03;04;05;06;07;08;09;12;13;15;16;18;19;25
04/10/2004;02;04;05;06;07;08;09;12;14;16;18;20;21;22;24
27/09/2004;01;02;03;06;07;09;11;12;14;17;18;19;20;23;24
20/09/2004;01;02;04;08;09;11;12;13;15;16;21;22;23;24;25
13/09/2004;01;03;05;06;07;08;11;13;14;16;17;20;21;22;23
06/09/2004;01;02;03;06;07;09;10;11;12;13;19;20;21;23;25
30/08/2004;02;04;05;06;08;11;13;15;16;19;20;21;22;23;24
23/08/2004;02;05;06;07;11;13;15;16;17;18;19;20;21;22;23
16/08/2004;01;02;03;04;05;06;08;10;11;13;15;18;20;22;25
09/08/2004;01;02;04;05;06;08;10;11;14;18;19;21;23;24;25
02/08/2004;01;02;03;05;07;09;14;16;17;18;19;21;23;24;25
26/07/2004;03;04;05;06;10;11;12;13;14;18;19;21;23;24;25
19/07/2004;01;03;06;07;08;09;10;14;17;18;19;20;22;23;24
12/07/2004;01;03;04;05;06;08;11;12;14;15;17;21;22;24;25
05/07/2004;02;03;04;09;12;13;15;16;17;18;19;20;21;23;25
28/06/2004;01;02;05;07;08;10;12;13;14;16;17;20;21;22;24
21/06/2004;02;07;08;09;11;13;14;15;17;18;19;21;22;23;24
14/06/2004;01;02;03;06;07;08;09;10;13;14;15;16;22;24;25
07/06/2004;01;03;04;05;08;09;10;11;13;15;20;21;22;23;24
31/05/2004;01;04;05;07;08;10;11;14;17;19;20;21;22;23;24
24/05/2004;01;04;05;06;11;12;13;14;16;17;19;21;22;23;25
17/05/2004;01;02;04;07;08;09;10;11;15;16;18;19;20;21;23
10/05/2004;01;02;05;07;08;10;11;12;14;16;19;20;21;23;24
03/05/2004;01;02;04;06;07;09;10;11;14;15;16;17;20;22;23
26/04/2004;01;02;03;04;09;13;14;15;17;19;20;21;22;24;25
19/04/2004;01;02;03;04;06;07;08;11;14;17;19;20;21;22;23
12/04/2004;01;04;05;06;08;09;13;14;16;17;19;20;21;22;24
05/04/2004;01;03;07;09;10;11;12;13;14;16;17;18;19;20;21
29/03/2004;03;06;08;10;11;12;13;14;15;18;20;21;22;24;25
22/03/2004;05;07;08;09;10;11;13;14;16;17;19;20;21;22;23
15/03/2004;01;02;03;04;05;06;07;09;13;14;16;20;22;23;24
08/03/2004;01;02;03;05;07;10;11;14;17;19;20;21;23;24;25
01/03/2004;01;03;04;05;06;08;10;11;12;14;16;17;18;19;20
25/02/2004;01;02;03;04;05;06;07;09;10;12;13;14;15;22;25
16/02/2004;01;02;04;05;08;11;14;16;18;19;20;22;23;24;25
09/02/2004;03;04;06;07;08;09;10;14;16;17;18;19;20;23;24
02/02/2004;02;05;06;07;08;10;11;13;14;15;16;17;20;23;24
26/01/2004;02;06;07;08;10;11;14;15;17;18;19;20;22;23;24
19/01/2004;01;02;03;05;06;07;09;13;14;16;17;18;19;20;21
12/01/2004;02;05;06;07;08;10;12;13;15;17;19;21;23;24;25
05/01/2004;01;02;04;06;08;10;12;15;16;18;19;21;23;24;25
29/12/2003;01;02;05;06;07;09;13;14;15;18;19;20;21;23;25
22/12/2003;03;05;06;07;08;09;10;11;13;14;15;16;17;19;23
15/12/2003;01;02;04;05;07;08;09;10;11;12;14;16;17;24;25
08/12/2003;02;06;07;08;09;10;11;12;16;19;20;22;23;24;25
01/12/2003;02;03;04;05;06;08;09;10;11;12;14;19;20;23;24
24/11/2003;03;04;05;09;10;11;13;15;16;17;19;20;21;24;25
17/11/2003;01;05;06;08;09;10;13;15;16;17;18;19;20;22;25
10/11/2003;01;04;07;08;10;12;14;15;16;18;19;21;22;23;25
03/11/2003;01;02;04;05;06;07;10;12;15;16;17;19;21;23;25
27/10/2003;01;02;04;08;09;11;12;13;15;16;19;20;23;24;25
20/10/2003;01;02;04;05;08;10;12;13;16;17;18;19;23;24;25
13/10/2003;01;04;06;07;08;09;10;11;12;14;16;17;20;23;24
06/10/2003;01;04;05;06;07;09;11;12;13;15;16;19;20;23;24